Sample	1.0	2.0	3.0	4.0	5.0	6.0	7.0	8.0	9.0	>10	>50	>100	>500	>1k	>5k	>10k+
Villapol_234_B_1	4.745042492917847	1.5727263846830124	0.8278792615023933	0.7326365146038879	0.549477385952916	0.6300674025593436	0.6325095242746899	0.56657223796034	0.41760281332421606	8.606036924880337	3.24802188141057	16.801797401582494	8.239718667578392	12.381557096805706	14.81635244700596	25.232001562957894
Villapol_234_B_2	8.750122106085767	1.5385366806681644	0.8864901826707042	0.8205528963563543	0.6227410374133047	0.38097098759402165	0.5128455602227214	0.4688873693464882	0.3956237178860994	6.344632216469669	3.880531405685259	16.745628602129532	8.483930839113022	14.982416723649505	35.186089674709386	0.0
Villapol_236_B_1	4.9605605347432675	1.7538203623702366	0.831775098330002	0.687772691125583	0.6125475530337223	0.6834741118060481	0.43630580093279175	0.44705224923162895	0.44490295957186154	8.296258086702345	4.6725557203344295	14.189610333784684	7.528961678165366	13.222429986889333	15.560857136716317	25.671115696262387
Villapol_236_B_2	7.920132396243042	1.5474885550325617	0.9800760848539558	0.7995357534334903	0.5695617598383734	0.5416209942613966	0.4212607733144196	0.4126636146753498	0.30949771100651235	6.228641434006061	4.504911126872568	9.977002600640489	14.509854493090032	12.43364068175468	15.343778881079803	23.500333139897265
Villapol_237_B_1	5.283767038413878	1.571251548946716	1.0855018587360594	0.9516728624535317	0.7434944237918215	0.4907063197026022	0.6245353159851301	0.49566294919454773	0.4684014869888476	8.706319702602231	4.292441140024783	16.18091697645601	4.364312267657993	34.185873605947954	20.555142503097894	0.0
Villapol_237_B_2	9.306071871127633	1.9429987608426271	1.174721189591078	0.8327137546468402	0.6071871127633209	0.550185873605948	0.5551425030978935	0.5551425030978935	0.5799256505576209	6.671623296158612	4.014869888475837	18.059479553903344	5.578686493184634	31.53159851301115	18.03965303593556	0.0
Villapol_238_B_1	5.158378334810994	1.902152010961554	0.9853308616103812	0.7898766825179334	0.7354719110179737	0.45941807044410415	0.6488272749254453	0.5480776980736681	0.362698476666398	8.408559684049328	3.584669944386234	16.680099943580238	5.7548158297735155	21.707503828483922	11.596276295639559	20.677843153058756
Villapol_238_B_2	8.819617957604578	1.7973724510357054	1.1425002014991537	0.6850971225920851	0.5944225034254856	0.5198678165551704	0.4936729265737084	0.45135810429596196	0.2538889336664786	5.339727573144193	4.559925848311437	16.07761747400661	6.889256065124528	22.406705891835255	29.968969130329654	0.0
Villapol_239_B_1	4.958709577834376	1.8059736050011579	1.076638110673767	0.7872192637184533	0.4437755653314811	0.48622366288492713	0.4592112371690978	0.4167631396156518	0.4341282704329706	7.955159373311724	4.860307169869568	14.420776414293432	7.683105657173729	26.23678320598904	0.0	27.975225746700627
Villapol_239_B_2	8.825345373157367	1.7789611792853284	1.0592729798564482	0.6482982171799028	0.6463687582002007	0.4283398934938643	0.49972987574284167	0.24697074940186772	0.32993748552905766	6.571737284865324	3.268503511615343	11.700239252913484	8.655552982943583	29.121324380643664	0.0	26.219418075171724
Villapol_240_B_1	4.957465532414198	1.7645598754428324	1.0086422817428977	0.6769411286865086	0.8010470022790351	0.5686305480966671	0.45806349707787075	0.5957081932441276	0.4264729110725004	8.371505291423157	3.7615362050680328	15.779497709682513	10.632488661236096	14.389511925446216	11.580206241397207	24.22772299569014
Villapol_240_B_2	8.281246474264954	1.642710472279261	0.9477175801611121	0.79427759099217	0.5302705508044318	0.5009364352280163	0.39488232506713006	0.4512940857910057	0.2233905724665478	6.771667757294041	2.8318703883385608	13.249994358823928	11.207888620619627	28.515016810704697	0.0	23.65683597716452
Villapol_241_B_1	5.760044956448441	1.9236172650052956	1.082845224458037	0.8731925562495947	0.8105128925584109	0.5835692826420559	0.5446646637992522	0.3631097758661681	0.5446646637992522	8.494175114012146	4.934402489895606	16.482590183067845	7.843603432251929	24.101411373116907	25.65759612682906	0.0
Villapol_241_B_2	9.090712602935138	1.8674217044545787	1.1087816370199062	0.9769382064970713	0.5835692826420559	0.5835692826420559	0.48414636782155746	0.46685542611364467	0.44740311669224286	5.600103745650248	3.7867162340328964	16.765729353534915	8.911319082715542	25.04809043162513	24.278643525623014	0.0
Villapol_242_B_1	5.060217078852158	1.8238588491847154	1.1597363334489765	0.9119294245923577	0.706249690241364	0.6393418248500768	0.6591663775586063	0.33701739604500175	0.35684194875353126	9.181245973137731	4.007037716211528	13.951528968627647	9.245675769440451	27.283540665113744	24.676611983942113	0.0
Villapol_242_B_2	8.261882341279675	1.808990434653318	1.0853942607919909	0.8524557664667691	0.7186400356841949	0.7285523120384597	0.36427615601922986	0.6740347920900035	0.28993408336224413	6.524755910194776	2.69861723744858	15.106309163899489	10.653219011746048	26.587203251226644	23.645735243098578	0.0
Villapol_243_B_1	5.317870143062727	1.9131465334800641	1.0767798188436468	0.7720308135105393	0.5079150088885127	0.6501312113772962	0.5688648099551342	0.3521544061627021	0.5333107593329384	7.916701938542284	4.506899178870736	14.13019554727842	11.682045204435791	21.32396512316939	10.124439177177685	18.62355032591213
Villapol_243_B_2	8.69211885211208	1.794633031406078	1.0767798188436468	0.6975366122068907	0.46558875814780326	0.5688648099551342	0.48590535850334376	0.37924320663675615	0.3504613561330737	5.886734953017862	3.194785405908745	11.670193854228392	10.022856175399983	27.080335223905866	9.635147718615086	17.99881486497926
Villapol_244_B_1	4.590943437954994	1.5628743618570191	1.0394588916124514	0.7372048876684053	0.7003446432849849	0.707716692161669	0.45153799369689823	0.4570670303544112	0.3649164193958606	8.142427984297536	4.0601559188337415	10.416705062754566	3.916400965738403	24.445714075084318	38.406531635304745	0.0
Villapol_244_B_2	8.380176560570597	1.6329088261855176	0.8957039385171124	0.6634843989015646	0.7003446432849849	0.6081940323264343	0.3741314804917157	0.3538583460808345	0.49761329917617353	6.2514974474280764	3.5643856318767395	10.230560828618293	7.137986324849334	22.328093035256824	36.3810612064358	0.0
Villapol_245_B_1	4.547259354497155	1.5806689481744784	1.0493675433454972	0.741174913498081	0.6995783622303314	0.6466372969804685	0.46323432093630057	0.5899147270699011	0.5445366711414472	7.133808542419029	4.976460133487114	12.760687477547316	3.081926298474163	31.895101060712054	29.28964434948666	0.0
Villapol_245_B_2	8.33821777685341	1.5693244341923651	0.9586114314885893	0.6201667643555371	0.7657546937926601	0.5785702130877877	0.4499990546238348	0.37815046607044944	0.2552515645975533	6.420994913876231	2.5752046739397607	10.87182589952542	7.379606345364821	30.327667378850045	28.510654389381536	0.0
Villapol_246_B_1	5.706785367802317	1.7995396526469971	1.101409575985847	0.9435218474766497	0.8940630409556962	0.684814244136278	0.5326333009948829	0.3500161692252088	0.5649717514124294	8.02183796534079	4.091765108714261	21.813235937529722	9.67870798379273	32.11969031178071	11.697007742205482	0.0
Villapol_246_B_2	9.062375164070078	1.993570355152276	1.0899960052502426	0.7989499514923244	0.5992124636192433	0.5364378245734178	0.4793699708953946	0.4261066407959063	0.3766478342749529	6.077726416709468	2.96372386767867	19.00739979836025	8.702847685898533	36.77452491011813	11.11111111111111	0.0
Villapol_247_B_1	5.047756352495945	1.8057307622995133	0.9893674535952425	0.7352676157866282	0.5676698504234997	0.4757613984501712	0.6938187060731664	0.5334294467471616	0.519012434672914	7.763561001982339	5.788430347810417	13.688952964498108	2.3950261308343848	32.57163452874392	26.424581005586596	0.0
Villapol_247_B_2	8.35105424400793	1.6651648945755992	0.8758334835105424	0.8794377365291043	0.630744278248333	0.7028293386195711	0.5298251937285997	0.36042530185619026	0.2270679401693999	5.855109028653811	3.12488736709317	13.040187421156965	4.384573797080555	34.58280771310146	24.79005226166877	0.0
Villapol_248_B_1	5.459287903108128	1.9516999854078505	1.1655479352108566	0.9266014883992412	0.5928060703341602	0.6785349481978695	0.44688457609805926	0.6128702757916241	0.410404202539034	8.530935356778054	4.864657814096017	14.814679702320152	9.473953013278855	50.0711367284401	0.0	0.0
Villapol_248_B_2	9.515905442871734	2.0137166204581938	1.1655479352108566	0.9703779366700716	0.6201663505034292	0.5034291551145484	0.6001021450459653	0.39398803443747266	0.4924850430468408	6.2837443455420985	3.239457172041442	15.803297825769736	7.675470596818911	40.54611119217861	10.176200204290092	0.0
Villapol_249_B_1	4.694605613925043	1.552454132037008	0.9761643405990278	0.8075897757566253	0.7546652030735456	0.5292457268307982	0.535126234906696	0.5488474204171241	0.24698133918770582	8.205268935236004	3.9085777011133764	9.40685275207778	6.713580053316607	35.110553551826875	0.0	26.00948721969578
Villapol_249_B_2	8.068057080131723	1.662223616120433	1.064371961737494	0.7683863885839737	0.5390465736239611	0.5998118237415713	0.3293084522502744	0.39203387172651716	0.28226438764309236	6.190214834561706	3.5890700956562647	8.089618943076681	10.788772149913752	32.62309863572212	0.0	25.01372118551043
Villapol_250_B_1	4.842974887563456	1.7217750497037079	0.9323064450749898	0.8029802922385006	0.7527940239735943	0.5327465400428513	0.7296311309282529	0.4941417183006157	0.3126990561121084	7.539521686258614	4.362344856872624	13.529059779566468	8.817341285926613	25.191576427895846	29.43810681954176	0.0
Villapol_250_B_2	7.782732063234699	1.6445654062192365	0.9265157218136545	0.7566545061478178	0.6369795587468875	0.5790723261335341	0.47290906634238616	0.44781593220993304	0.3821877352481325	6.3562838998590925	3.5226899839789985	12.297565965989152	9.3886926477117	27.39205126720327	27.4132839191615	0.0
Villapol_251_B_1	4.456519575645389	1.5445552437252443	0.8956828088612886	0.7404311219919986	0.6866901534603213	0.5612945602197409	0.5294480603491173	0.4299277482534185	0.5732369976712247	7.961624967655899	4.193785951712744	9.100137338030692	5.147190541589539	32.17889771302323	0.0	31.000577217810154
Villapol_251_B_2	7.6829680937879425	1.5883441810473515	1.0449632770048367	0.5891602476065365	0.4876495292689238	0.4299277482534185	0.4179853108019347	0.41400449831810676	0.3761867797217412	6.277741286996676	3.630500985251089	7.663064031368802	7.55160128182162	32.22268665034533	0.0	29.623216098405685
Villapol_252_B_1	5.313489928874544	1.8369095292172215	1.2192935269858345	0.9324009324009324	0.5976929053852131	0.6574621959237344	0.5717928794851872	0.4781543243081705	0.44826967903890985	8.481262327416173	4.2834658219273605	14.745083975853207	6.815691431076046	37.72239156854542	15.89663897356205	0.0
Villapol_252_B_2	9.379793995178611	1.781124858047935	1.2013627398242783	0.7889546351084813	0.6176160022313869	0.4901081824158747	0.4462773693542924	0.5897236666467436	0.3048233817464586	6.648337417568187	2.2293945370868444	12.96395911780527	6.540752694598849	40.87223317992549	15.1455382224613	0.0
Villapol_253_B_1	4.915524090705331	1.6261419318937134	0.9970166787751379	0.6863184579475369	0.6260337285332261	0.45445411404634195	0.5193761303386766	0.408081245266103	0.2643253520473622	8.348662142735689	3.754656608906682	13.59652512636607	7.663889447080828	30.210378248033017	0.0	25.928616697324287
Villapol_253_B_2	7.912757176201443	1.6972469973567463	0.9274573756047795	0.7914302938494119	0.618304917069853	0.49155240907053316	0.45445411404634195	0.35861685190051473	0.27823721268143387	6.147496637967014	2.705084012180607	12.4124712101773	5.227768073825607	35.52316324795573	0.0	24.453959470112686
Villapol_254_B_1	4.6371688863641145	1.6831828988617477	1.060405226282901	0.7910959624650213	0.7574323044877864	0.5428264848829136	0.4123798102211282	0.4881230406699068	0.6059458435902291	7.889919838414442	3.9975593847966504	13.086747038650087	7.717393591281113	25.05628142818069	31.273538260851268	0.0
Villapol_254_B_2	9.280649708598961	1.7505102148162175	0.9720381240926591	0.833175534936565	0.6943129457804709	0.6564413305560816	0.48601906204632955	0.5554503566243767	0.34084453701950385	5.945843590229123	3.3158703107576426	9.402680468766437	8.260220076164027	28.931810052809865	28.574133686801744	0.0
Villapol_255_B_1	5.086863166113606	1.6904157720085886	0.9310950614874098	0.7027132539527621	0.5465547530743704	0.6324419285574858	0.519227015420652	0.5153230528986922	0.4391957837204763	7.8157329689634985	4.559828225649034	11.834862385321102	5.582666406402499	25.635369900448957	12.56490337692758	20.94280694905329
Villapol_255_B_2	8.430607066172165	1.47960179582276	0.9896544993168065	0.8744876049189929	0.5660745656841694	0.5973062658598477	0.43724380245949646	0.37478040210813973	0.2635174702322858	6.5293773179777475	4.026937341401522	10.568026546945148	6.874878001171189	25.98282256490338	11.963693148545774	20.040991606480578
Villapol_256_B_1	5.254590889291364	1.870744400375983	1.0660491987436669	0.7886471491781104	0.6648478873885233	0.5502189412870538	0.545633783442995	0.6969439922969348	0.4332974162635549	8.879158165019831	4.550769160228341	14.103945528324813	9.759508471079117	28.78791352392306	22.047731493156654	0.0
Villapol_256_B_2	8.876865586097802	1.6965084023017492	1.196726197299342	0.862009674683051	0.6763107819986702	0.6189963089479356	0.36910520644673195	0.2751094706435269	0.4745638368600839	7.246841972534905	4.076205323368257	13.205254590889293	8.477956853664688	31.68344070244618	20.264105091817786	0.0
Villapol_257_B_1	5.1500197394394	1.7804974338728778	1.1192262139755231	1.058033951835768	0.7599684168969602	0.5803395183576787	0.5941571259376234	0.5369127516778524	0.3730754046585077	7.844453217528622	3.9261744966442955	13.829451243584682	11.03237268061587	39.0998815633636	12.315436241610739	0.0
Villapol_257_B_2	8.75246742992499	1.8199763126727202	1.1547572048953811	0.9711804184761154	0.8685353335965259	0.5803395183576787	0.5941571259376234	0.37899723647848405	0.2487169364390051	6.194236083695223	3.2688511646269243	10.171733122779312	9.313067508882748	44.04461113304382	11.638373470193446	0.0
Villapol_258_B_1	5.846166722464011	2.0882156009373953	1.1173418145296286	0.8369601606963508	0.5754101104787412	0.5649481084700367	0.629812520924004	0.5356545028456646	0.3766320723133579	8.505607633076666	5.888014730498829	18.275025108804822	9.072648141948443	27.893789755607635	17.79377301640442	0.0
Villapol_258_B_2	9.294442584532977	1.8747907599598257	1.0294609976565114	0.6695681285570807	0.732340140609307	0.527284901238701	0.5565785068630733	0.4017408771342484	0.2636424506193505	6.622447271509876	3.3624874455975897	15.094576498158688	10.250669568128556	33.331938399732174	15.98803146970204	0.0
Villapol_259_B_1	4.670636045742368	1.6444570456478593	0.9923447689254324	0.7031471505528778	0.5008978357433135	0.49900765523107454	0.582175597769587	0.3931575465456951	0.2721859937624043	7.566392590492392	4.547774312446839	13.30309044513751	8.418864001512144	26.936962479916833	0.0	28.96890653057367
Villapol_259_B_2	8.131556563651829	1.7087231830639826	0.9753331443152821	0.6426613741612324	0.5954068613552594	0.3515735752764389	0.5160192798412249	0.31755032605613837	0.35724411681315565	6.078820527360363	3.876760230602023	12.787071165296284	7.320669123901332	29.500047254512808	0.0	26.840563273792643
Villapol_260_B_1	5.290975113595316	1.8099203406908875	1.2433696458107568	0.8365178045209984	0.6559060058176012	0.5475389265955626	0.7452613167550715	0.48670126808494457	0.42776478640278337	7.176942527424476	3.0627958706439284	19.304549516150495	8.380387459837639	33.23827449191049	16.793094925759043	0.0
Villapol_260_B_2	9.253027624099317	2.0190497918211374	1.231962584840016	0.7376566094412441	0.6939295423867374	0.4334683168881538	0.47909656077111734	0.5475389265955626	0.615981292420008	5.743455198768038	1.8403391699461966	15.083936956976368	6.2472670583090935	39.69086864769292	15.382421719044087	0.0
Villapol_261_B_1	4.579770071735113	1.5756664473890298	0.9162672681138991	0.7267487391535883	0.5873508128935251	0.46988065031482	0.5153024465119194	0.3257839175516085	0.2537355511700028	7.278451273376563	3.6024183190802868	12.296776618738841	7.217366788835636	26.28355730977665	8.114838830936941	25.256084954421574
Villapol_261_B_2	8.14773047645898	1.635184663095574	0.9491589136359365	0.6703630611158099	0.5716881245496976	0.6578329104407481	0.32891645522037405	0.476145725652351	0.140964195094446	5.915797387463584	3.6274786204304106	8.125802712777622	10.129060551953136	34.58478213200514	0.0	24.03909407010619
Villapol_262_B_1	5.444569810402425	1.7831463905665805	1.095108515298334	0.9114842591978053	0.6083936196101856	0.5442357469967478	0.6504280878741621	0.4424680869892259	0.3982212782903033	8.844937058914626	3.701245547664875	14.546138359770802	6.741001305280856	25.52598393840844	0.0	28.76263799473463
Villapol_262_B_2	10.80949536514679	1.7477489436074423	1.1150195792128492	0.7079489391827615	0.7300723435322227	0.47786553394836395	0.4800778743833101	0.3893719165505188	0.3384880865467578	6.8405566248534315	3.9069932081148644	13.227583460542908	4.0198225702971175	29.063516293887304	0.0	26.14543926019336
Villapol_263_B_1	4.007331311942798	1.5522469113454316	0.9096257410508214	0.5340091415124225	0.5656876499072272	0.5566366475087116	0.3801421007376567	0.4887541295198443	0.28510657555324254	7.844956328913427	4.095578585328325	10.055663664750872	5.871837806037019	27.3951215097072	0.0	35.457301896185
Villapol_263_B_2	7.661673530343485	1.3983798705706656	0.9842965108385754	0.7331311942797665	0.5204326379146491	0.4344481151287505	0.4434991175272661	0.398244105534688	0.3462008417432231	6.742996786894148	4.41688917047563	9.24786170068335	7.587002760555732	25.849662850160655	0.0	33.23528080734942
Villapol_264_B_1	4.5477627941093495	1.6099606913803157	0.9140664673023755	0.78241080328763	0.7993379600895258	0.5868081024657225	0.5924504880663545	0.4363444864488706	0.541669017660667	7.293723786416898	3.44749760198612	8.514359871353609	9.148187853824597	32.53587616844402	28.24954390716395	0.0
Villapol_264_B_2	8.941300381801426	1.76794748819801	0.970490323308695	0.8275498880926857	0.5454306080610882	0.541669017660667	0.5792849216648799	0.541669017660667	0.423178920047396	6.05616054467829	2.204291974646881	8.134439240911057	10.46286369877184	31.24565066109951	26.758073313396903	0.0
Villapol_265_B_1	4.2611485633944985	1.4564331807202855	0.9192833195140415	0.7354266556112333	0.6669310357258733	0.49749450232524606	0.4542341108187029	0.5623850895850607	0.3893435235588882	6.96852806517899	5.400338873066801	10.501460038213347	6.144778110241898	11.759616424528643	23.854500883232994	25.428097624283502
Villapol_265_B_2	7.478640181693644	1.3771224629582899	0.9192833195140415	0.6777461336025091	0.5047045675763365	0.49749450232524606	0.517322181765745	0.43260391506543133	0.2595623490392588	6.867587151663724	3.2625545261184614	9.513681098813946	5.5932081185334726	14.59497458451999	22.133097804535133	25.37041710227478
Villapol_266_B_1	4.45324626665953	1.4184017556067012	0.9473853235561741	0.8349836749986619	0.7761066209923461	0.5941229995182786	0.7306107156238292	0.6208852967938768	0.36129101322057483	7.571053899266714	4.380988064015415	11.114382058555906	5.333725847026709	14.352620028903281	14.780816785312851	31.729379649949152
Villapol_266_B_2	9.17411550607504	1.621795214901247	1.035700904565648	0.6422951346143553	0.5887705400631591	0.6422951346143553	0.48707381041588604	0.6208852967938768	0.24086067548038326	7.081303859123267	3.1766846866134992	12.22234116576567	7.300754696783172	25.507145533372583	0.0	29.657977840817857
Villapol_267_B_1	3.495546215246983	1.0102957621563258	0.7982107739174025	0.6246866926310107	0.5012917903829098	0.46273088343037827	0.48586742760189716	0.35476034396329004	0.22558130567230944	7.249450507075926	2.0726487486985694	8.54895307137624	4.18385840434967	7.2533065977711795	30.112212239231866	32.620599236494044
Villapol_267_B_2	7.012300929317858	1.2185246596999961	0.6709597809740485	0.555277060116454	0.4145297497397139	0.33547989048702426	0.49936374503528325	0.5090039717734162	0.24293371380094858	7.228242008252034	1.9569660278409748	6.331700921605677	4.631164924999036	7.82207997532102	28.413604287972856	32.15786835306366
Villapol_268_B_1	4.4778226375674075	1.6149524266636552	0.9571134137045089	0.8921765154295717	0.8893531720263135	0.6267822355233067	0.612665518507016	0.49690843897343234	0.48279172195714165	7.987238487817273	4.460882577147859	10.906575566786188	6.459809706654621	17.041700782066123	42.09322679917558	0.0
Villapol_268_B_2	8.684604308422033	1.654479234309269	0.8978232022360879	0.8470030209774415	0.6352522657330811	0.42350151048872076	0.5533753070385952	0.7001891640080183	0.48279172195714165	7.0640051949518625	3.941387390948361	8.032411982269403	11.714051780118016	27.840989299528502	26.528134617013464	0.0
Villapol_269_B_1	4.473186036352083	1.466791988244483	0.9491785700101933	0.8048822462569004	0.5493850858496936	0.5480612663657184	0.4540700830034817	0.296535564410437	0.3336025099617416	6.833556176279802	3.4631117700790317	15.054475171765578	6.158408239452468	28.284727094613377	7.923059611591364	22.406968585763646
Villapol_269_B_2	8.156051840770992	1.6759554667125591	0.9015210685870875	0.8101775241928011	0.43686042971180455	0.48451793113491043	0.5467374468817432	0.3388977878976423	0.29785938389441213	5.8499582996862545	2.437151669998279	12.548484888600592	7.078462780815207	29.886548670223327	7.418684388196825	21.13213042269556
Villapol_270_B_1	4.5552043350643485	1.678332204410326	0.9595845563332581	0.8052984119816362	0.6867614961992926	0.7676676450666065	0.44780612628885375	0.5719876571084519	0.49108150824113794	7.351170316851058	3.307744411831113	10.786859336193272	9.356890193422142	25.470384586437874	9.605253255061339	23.157973959509295
Villapol_270_B_2	8.79807330473395	1.674569127718823	1.0047414766312939	0.7450891849175886	0.6209076540979905	0.5418830435764281	0.553172273650937	0.3612553623842854	0.32174305712350415	6.837510348460901	3.539173628358546	10.021073229472417	8.147061037103937	34.80281478136524	0.0	22.030932490404155
Villapol_271_B_1	5.534486245954692	1.9215210355987056	1.1301577669902914	0.7888349514563107	0.6826456310679612	0.6067961165048543	0.42475728155339804	0.5056634304207119	0.5233616504854369	7.9566140776699035	7.0565331715210355	12.505056634304207	13.334344660194175	22.360436893203882	24.668790453074433	0.0
Villapol_271_B_2	9.276395631067961	1.9468042071197411	1.137742718446602	0.5966828478964401	0.5941545307443366	0.5006067961165049	0.42475728155339804	0.34385113268608414	0.45509708737864074	6.922532362459546	4.5939522653721685	14.287520226537218	10.032362459546926	25.79389158576052	23.093648867313917	0.0
Villapol_272_B_1	4.986467467792574	1.6888600194868466	0.9548554725560247	0.8400995994370466	0.7794738551477752	0.8054563169860344	0.409223773952582	0.46768431308866515	0.3117895420591101	8.201797120277146	3.1049041896719713	9.795388113023709	13.96124282775793	18.46703475154271	35.225722637219874	0.0
Villapol_272_B_2	8.714950741582765	1.7061816607123526	0.8898993179603767	0.6668831871819855	0.6603875717224207	0.6365703150373497	0.39406733788026416	0.39839774818664064	0.409223773952582	6.627692973909278	3.3712244235141275	10.544549096026849	11.068528743098408	19.70120168886002	34.21024142037458	0.0
Villapol_273_B_1	5.3474188629928125	1.9458360560516954	1.0455238510128513	0.8204457997531401	0.7532854134901619	0.653452406883032	0.5209467799317505	0.3920714441298192	0.37573513395774344	8.095549263050897	5.089668191388949	16.77920569229652	6.392942714005663	34.696507659914325	17.091410731140638	0.0
Villapol_273_B_2	8.616496042982648	1.8224061569737893	0.9692877368764974	0.6752341537791331	0.6171494953895302	0.5445436724025267	0.4192986277499456	0.3920714441298192	0.408407754301895	6.029913599070646	3.279968053437886	15.428737384738255	8.119146155521673	36.02337907500181	16.65396064764394	0.0
Villapol_274_B_1	5.963166493390762	2.216693895737413	1.1473340264369523	0.8094460121788207	0.6497846428040992	0.43442744690331203	0.5978018713797713	0.38615773058072184	0.4845536907767711	7.528219218773207	5.46376058220704	18.478018713797713	15.000742611020348	24.99814347244913	15.84174959156394	0.0
Villapol_274_B_2	8.915045299272242	1.8862319916827563	1.303282340709936	0.8168721223822962	0.7426110203475419	0.49012327342937767	0.35088370711421357	0.37130551017377095	0.2673399673251151	5.816500816872122	3.38816278033566	12.717213723451657	17.12089707411258	30.575152235259175	15.23837813753156	0.0
Villapol_275_B_1	5.008002632641766	1.818916129418276	1.036602695466172	0.8017590833620032	0.5758903863700956	0.5833694822969799	0.4711830433937146	0.40686281842250915	0.3769464347149717	8.17614766726998	3.2668691008630875	15.246884956546452	9.728807981691173	30.350171271296727	0.0	22.151586316246092
Villapol_275_B_2	8.26290518002184	1.8129328526767685	1.0635274408029558	0.7120099322393909	0.6581604415658235	0.4846454160621064	0.513065980584267	0.3948962649394941	0.3904088073833635	5.672146350949097	3.9310128191704186	9.861935889189715	10.340598028510312	34.75087131467548	0.0	21.150883281228968
Villapol_276_B_1	5.653118759544226	2.0175026430165626	1.1276870668389523	1.0219664043228005	0.7488546928227418	0.4669329261130037	0.46252789850816395	0.39938916950546227	0.3700223188065312	7.092094443791848	4.32280042288265	15.769998825325974	12.501468342534947	24.71807823329026	7.675026430165629	15.652531422530247
Villapol_276_B_2	8.760131563491132	1.820744743333725	0.9823211558792434	0.8516386702690004	0.5432867379302243	0.5638435334194761	0.41113590978503467	0.4463761306237519	0.2643016562903794	5.374133677904382	2.0145659579466697	15.053447668272055	10.14477857394573	37.89204745683073	0.0	14.877246564078469
Villapol_277_B_1	4.848361426154521	1.9205464001503854	0.9869039413497087	0.883514004636882	0.6501033899367128	0.6673350460555173	0.3508991791465631	0.589009336424588	0.3242684378720471	7.232596027320007	4.343943856131337	17.53712638636506	10.124381226893915	27.46882636756689	22.072184973995864	0.0
Villapol_277_B_2	8.235165110595903	1.785826179585187	1.0385989097061221	0.7957892098502413	0.7754245253461997	0.4981515132527101	0.3618647784948932	0.3759634062284604	0.31016981013847983	5.922990162290871	3.178457296823109	14.170687386427721	10.458048749921673	30.8916598784385	21.20120308289993	0.0
Villapol_278_B_1	5.372752576544046	1.8295343413826826	0.9298126833671858	0.7221846084405326	0.6243887760475438	0.6951026856240127	0.4528699315429173	0.49349281576769727	0.35206499661475965	8.067403896787784	4.122470473181374	13.683893778680508	10.68381855111713	29.218385616489883	0.0	22.751824268411948
Villapol_278_B_2	8.45858722635974	1.7633340856089672	0.9252990295644324	0.6258933273151283	0.6695253140750771	0.3610923042202663	0.421274354923644	0.37312871436094186	0.31144211238997965	5.860227187241406	3.504099902204168	12.698412698412698	11.159256751673812	31.10659745730836	0.0	21.76182953434138
Villapol_279_B_1	6.225854383358098	2.1218424962852898	1.3105497771173849	0.9271916790490341	1.0104011887072808	0.8023774145616641	0.7280832095096582	0.45170876671619614	0.7221396731054978	9.355126300148589	6.047548291233284	13.551263001485884	11.720653789004459	29.61961367013373	15.405646359583953	0.0
Villapol_279_B_2	9.515601783060921	2.1753343239227343	1.2659732540861814	1.1173848439821694	0.7132243684992571	0.5527488855869243	0.6656760772659732	0.40416047548291234	0.2674591381872214	6.882615156017831	4.2436849925705795	14.475482912332838	14.722139673105497	42.99851411589896	0.0	0.0
Villapol_280_B_1	4.670704739928853	1.757523315065859	1.055667724257283	0.7999230843188154	0.6345543697721373	0.4614940871070089	0.5922507451206616	0.615325449476012	0.4845687914623594	7.870397077204115	6.076338813575618	17.132967983847706	3.078550139409672	38.69243341986348	16.077300259590423	0.0
Villapol_280_B_2	6.660897990577828	1.703682338236708	0.9691375829247189	0.7460821074896645	0.615325449476012	0.4038073262186328	0.44418805884049606	0.5999423132391116	0.3115085087972311	5.524468801076819	4.018844341890203	15.210075954235169	6.96471493125661	40.1692144986059	15.658109797134893	0.0
Villapol_281_B_1	5.201701762977473	1.7476738491674828	1.0834965719882468	0.8447600391772772	0.7728330068560235	0.6519343780607247	0.5463393731635651	0.465230166503428	0.42697110675808025	7.160565621939276	4.193192948090108	12.238308031341822	9.007713026444662	33.43535749265426	22.22392262487757	0.0
Villapol_281_B_2	8.917421645445641	1.7568560235063664	1.0651322233104799	0.7957884427032321	0.7039666993143977	0.44992654260528897	0.49277668952007836	0.4285014691478942	0.37187806072477964	5.5812316356513225	3.0714373163565134	12.342372673849166	7.950232615083251	42.34512732615083	13.727350636630753	0.0
Villapol_282_B_1	4.25751543112347	1.5252059238661022	1.1186247867029009	0.8426552065558575	0.5898586445891003	0.5435126082285281	0.5013798479007352	0.3707682908845773	0.4360740693926563	7.948345235838127	4.0510649055172845	6.517938022709558	7.663949103625524	34.98283090016642	0.0	28.650277022899157
Villapol_282_B_2	7.748214624281109	1.6010448924561291	1.011186247867029	0.7415365817691546	0.6214582148349449	0.39183467104847375	0.42764751732709766	0.5224462280646316	0.22751690577008152	6.56428405907013	3.2189428890433756	9.604162716720387	4.885293560007583	34.92173839769113	0.0	27.512692494048746
Villapol_283_B_1	4.940182732917164	1.8205986774578922	1.0903400582187746	0.9961131396072755	0.7740068314515993	0.5552657703891908	0.4593562282310578	0.5788225000420656	0.4240211337517457	7.265568474365231	4.867829920411906	13.836213423970655	7.9756356110447415	40.2550857296697	14.160959768470999	0.0
Villapol_283_B_2	8.741229324763172	1.8340596658309636	1.140818764617792	0.8076593023842775	0.6141575945213777	0.5249785465497804	0.5889182413218691	0.3769076744459962	0.4694519695108613	5.540879339065471	3.2508286920967175	13.001632144840237	10.64259393245949	38.58592317140886	13.879961636183136	0.0
Villapol_284_B_1	5.348805965136197	2.0488361938669266	1.1033486716152219	0.6515970846068585	0.5961777449366876	0.5138884223961308	0.5290027877607228	0.44335471736136767	0.33251603802102575	6.838410640513216	5.990326806166661	20.85782420313707	9.737010042656099	23.43230443690592	0.0	21.576596244919894
Villapol_284_B_2	7.61428139589561	1.7263963994222955	0.9522050179693011	0.6986195546300339	0.6465589628186612	0.41312598663218353	0.36442414267960904	0.32243979444463106	0.33251603802102575	5.456285896617741	4.535988983307023	16.973432304436905	9.172740402377993	29.783696637893392	0.0	21.007288482853593
Villapol_285_B_1	5.189707080956104	1.7931103311765	1.0978226517407141	0.8250303564596884	0.5572281641411201	0.5988123554949351	0.40752507526738635	0.3060596483640779	0.3443171044095876	7.616560488364743	5.697034215472646	18.426786872702476	6.851411367454549	31.562401237545533	0.0	18.72619305044994
Villapol_285_B_2	7.9442439162328045	1.8496648314176882	1.0728721369284253	0.6986144147440909	0.4990102962457792	0.4491092666212013	0.26780219231856817	0.3459804720637403	0.29940617774746753	6.127846437898168	2.787804188359753	17.017914469635222	10.352800279445766	32.515510903374974	0.0	17.77142001696635
Villapol_286_B_1	5.534799316823228	1.868061485909479	1.0567890691716482	0.6404782237403929	0.6404782237403929	0.6618274978650726	0.5728721890122402	0.4269854824935952	0.32023911187019644	8.169655565044122	4.079490463990891	13.894819242812412	14.344933105607744	20.207087959009392	9.139268431539994	18.4422146313692
Villapol_286_B_2	9.15172217477939	1.7684315399943067	1.0354397950469683	0.7258753202391118	0.649373754625676	0.5657557643040136	0.38606604042129233	0.48391688015940787	0.44833475661827493	6.173498434386564	3.159692570452605	12.695701679476231	9.648092798178196	35.438015940791345	17.670082550526615	0.0
Villapol_287_B_1	4.593835806620801	1.6906796655662852	0.916299015826983	0.7116486183527185	0.47306122029226955	0.4566069169777558	0.4031304312055862	0.353767521262045	0.3331996421189029	6.929318483324592	3.4214666954616972	13.418484352985944	12.286222606155967	23.728133773485947	0.0	30.28414525036251
Villapol_287_B_2	7.774658316107734	1.5981242094221453	0.9101286520840404	0.7281029216672323	0.5707586462221947	0.42575509826304264	0.38153415810528696	0.29617745966124703	0.26841082281800516	5.83510731290943	2.383817192690176	10.168759448369482	11.636277625232674	22.409732720410535	5.675706249550077	28.9369491664867
Villapol_288_B_1	6.132466697134346	2.1564346045126017	1.2644086731325852	0.9411127473383096	0.7532287276358773	0.4874828619306352	0.5450329220196686	0.3385297652296078	0.39607982531864117	8.085783442509182	4.829127101000355	17.066978114050677	15.013795087933108	41.98953943025441	0.0	0.0
Villapol_288_B_2	9.351884764467917	1.997325614854686	1.299954298481694	0.9546539379474941	0.7193757511129166	0.6093535774132941	0.4383960459723421	0.36561214644797646	0.4874828619306352	5.677144162900523	3.5528698860847343	15.130587856937321	11.469388445979114	47.94597064946935	0.0	0.0
Villapol_289_B_1	4.114731132583786	1.4907144653184383	0.8028305614425805	0.4813391285606523	0.5837134954560149	0.4957074607564927	0.4651747548403319	0.5316282912460936	0.4526024641689716	7.309889004633788	2.5162541757965444	11.525198462588456	4.130895506304106	10.90197205359388	26.82926829268293	27.36808075002694
Villapol_289_B_2	7.924135206005962	1.4619778009267574	0.7435611911347391	0.6537591149107368	0.43104996587521105	0.47415496246273214	0.4148855921548906	0.28736664391680733	0.32328747440640826	6.077804518840475	2.0905923344947737	10.348791264054025	3.863285319156579	13.001544595711053	25.137397176622724	26.766406839326123
Villapol_290_B_1	3.7150981214748517	1.4356966391646857	0.8180674031603972	0.6992029086841001	0.5360555633244768	0.4754579779051881	0.44049783247098306	0.4288444506595814	0.4614739197315061	6.70069454155596	2.7828275765627186	8.562904955017945	5.320934135086002	7.742506875495268	27.85391320561227	32.02582389409407
Villapol_290_B_2	6.98270638139188	1.417051228266443	0.9229478394630122	0.6805574977858575	0.5477089451358784	0.4894420360788701	0.6036451778306064	0.5780077378455228	0.23073695986575304	6.796252272409453	1.7270311844497275	10.04754579779052	5.015615531627278	17.470750011653383	15.305551671094953	31.184449727310863
Villapol_291_B_1	3.9710390448531787	1.5246853823814135	0.9620038722168442	0.8712487899322363	0.6050338818973863	0.49612778315585676	0.4799935463052598	0.500161342368506	0.3267182962245886	7.01839303000968	2.488706034204582	6.800580832526622	12.062358825427557	26.484349790254917	10.376331074540174	25.03226847370119
Villapol_291_B_2	6.766295579219103	1.4117457244272344	1.0285575992255567	0.6695708292997742	0.6252016779606325	0.6171345595353339	0.46587608906098743	0.5969667634720878	0.21781219748305908	5.636898999677316	2.9485317844465957	7.010325911584382	13.706034204582124	33.38980316231042	0.0	24.90924491771539
Villapol_292_B_1	4.598349809293999	1.5412158480579123	0.9574219662177941	0.8017435977270958	0.671362964116136	0.6421732700241302	0.5448742897174438	0.6538491476609325	0.54292831011131	7.388884564489764	3.997042110998677	9.14610414882852	9.858332684673464	24.924106795360785	11.450144002490854	22.281466490231182
Villapol_292_B_2	7.846189771931191	1.7864092784307621	1.0041254767650034	0.6382813108118627	0.5837938818401183	0.5370903712929089	0.5176305752315715	0.4047637580758154	0.43784541138008876	6.349731454814353	2.321553670117537	10.010119093951895	9.980929399859889	24.819023896629563	11.033704366778236	21.728808282089204
Villapol_293_B_1	3.5278266156197113	1.399957278299019	0.7394140554396227	0.5981038137333837	0.5586683974432705	0.5422369739890567	0.4485778603000378	0.32862846908427673	0.31055390328464155	6.87490757324307	1.9175471171067549	8.18120573785307	5.065807850934126	25.519643766739513	13.467194663073661	30.519725923856782
Villapol_293_B_2	6.963637259895824	1.4098161323715475	0.7591317635846794	0.637539230023497	0.41078558635534596	0.4140718710461887	0.3565618889564403	0.3417736078476479	0.38449530882860383	6.196289784584039	1.8600371350170064	7.413858262541284	7.512446803266568	23.613598646050708	12.03930396490248	29.686652754728144
Villapol_35d_234_1	4.9667118364461205	1.5711227636049412	0.9426736581629647	0.6677271745321	0.4418782772638897	0.47133682908148233	0.46740902217247	0.8169838370745695	0.38885288399222295	7.612089789665941	5.227910995895442	11.545788409041812	7.486399968577545	22.36689644337084	11.44955713977101	23.576660971346648
Villapol_35d_234_2	9.623126927080266	1.5514837290598793	0.9603487892535203	0.6755827883501246	0.5106148981716059	0.4242031461733341	0.5498929672617294	0.47133682908148233	0.24745183526777823	6.205934916239517	3.527170604293093	13.564681160274162	8.560655158192423	19.39943832361201	11.092126711050884	22.63595121663819
Villapol_35d_236_1	6.370149447272019	2.2692644341427046	1.526890783544591	1.1800175057542062	0.8752877103121859	0.5057217881803742	0.6127013972185301	0.5705579148701656	0.43764385515609294	9.242389859629787	5.303595163224949	16.659642752941938	13.216844425714008	24.09634648426103	17.132946477777416	0.0
Villapol_35d_236_2	9.9847635102279	2.3535513988394334	1.3226569844717477	0.8299024216293318	0.6969883619152591	0.6224268162219989	0.4765455311699679	0.49275456284241576	0.4084675981456867	6.710539112393425	4.2337990728433885	19.02616137711933	11.865011184231854	24.611793691444873	16.364638376503386	0.0
Villapol_35d_237_1	4.473470620434512	1.634609939787463	1.0475848921270692	0.7852167840087582	0.6040129107759679	0.6002378300836181	0.42280903754317745	0.5285112969289718	0.3227693991959078	7.340644406274184	5.217161516827422	8.065459899205345	8.812925876290606	27.79591913777157	11.614035750014157	20.734630702731273
Villapol_35d_237_2	7.782328847279111	1.8460144585590519	1.1042111025123162	0.7852167840087582	0.5662621038524699	0.6002378300836181	0.48887294965929895	0.30200645538798393	0.3397572623114819	5.692821684063497	3.2144812095358537	13.076879518299704	7.497310255006701	36.5692066667925	0.0	20.134392872647652
Villapol_35d_238_1	5.325980734329192	1.9998603936897947	1.214574898785425	0.9144213318441994	0.8463632556191539	0.8062264414351529	0.525268742147145	0.6142677649029736	0.2669970682674857	6.634789892503141	4.7937316766717855	16.723090883707943	8.245497696495882	28.708292614826192	22.380636604774537	0.0
Villapol_35d_238_2	8.66606170598911	1.9928800781795337	1.0575177998045513	0.8236772302108055	0.610777607147843	0.5968169761273209	0.5130531900041881	0.39089766857461955	0.3455256177579227	5.537135278514589	3.500628228395924	15.37588999022756	10.629275443250034	28.272022895434873	21.687840290381125	0.0
Villapol_35d_239_1	5.0273685757319715	1.5759891260423937	1.0855589434627677	0.6979905220234378	0.7163586936556335	0.727379596634951	0.5014510855589435	0.3967525072554278	0.3471584438484993	8.100363689798318	4.911649094449139	13.348150325116636	4.847360493736454	28.189633003930787	10.253113405091657	19.27372249366298
Villapol_35d_239_2	8.467727122442232	1.6090518349803462	1.0524962345248154	0.778810477205099	0.6428860071268505	0.5179824400279196	0.6686014474119246	0.38205796994967123	0.38022115278645163	6.204768377355718	3.2585136475515224	13.710003306270893	6.02659711252342	37.7061827265714	0.0	18.59410014327174
Villapol_35d_240_1	5.285338338946245	1.884466037284455	1.1041793187213604	0.6993135685235282	0.7729255231049522	0.6072986252967482	0.45087322181122214	0.48583890023739856	0.6293822116711754	7.158762583043486	5.255893557113675	14.118772888717126	9.019304735088978	24.83115257917886	27.696497911260785	0.0
Villapol_35d_240_2	9.129722666961113	1.9470361986786655	1.0158449732236514	0.7287583503560978	0.7361195458142402	0.48583890023739856	0.43799112975947296	0.3238926001582657	0.3478164853972285	6.238613150775686	3.5830618892508146	14.49051325935332	10.572516976757026	32.82541084672151	17.136863026555513	0.0
Villapol_35d_241_1	4.905930370587183	1.7529310372863718	1.0195619298502367	0.8780916142250841	0.6992211002162707	0.55612468900922	0.4553067629315251	0.663446997414508	0.55612468900922	7.166203229425825	4.488023806039319	15.049514610468803	2.892824040197083	36.19200936631055	22.724685757028798	0.0
Villapol_35d_241_2	7.811763175439452	1.8570011545278633	1.0976145177813552	0.8520740849147113	0.7236125339447453	0.5366115420264403	0.5691334536644064	0.35123664569003366	0.4683155275867115	5.32058474397125	3.2912174577621673	13.044538757988194	5.4230287656308445	38.18072426297218	20.472543376099647	0.0
Villapol_35d_242_1	4.57272915373474	1.7483964411338715	0.9931719428926132	0.8276432857438444	0.6207324643078833	0.5896958410924891	0.33795434167873645	0.4965859714463066	0.23277467411545624	8.30574522380854	4.57272915373474	9.216152838126767	7.6591489068211605	22.66535623146424	19.230636595627285	17.93054693427133
Villapol_35d_242_2	9.336850817297744	1.7690875232774672	1.0500724187875026	0.7379819297882613	0.8104007172908476	0.39313056072832603	0.5552107041864957	0.4689978619215118	0.3258845437616387	6.252155321056625	2.81915994206497	11.130077936409407	10.247258431615974	27.92951238016415	26.174218911649078	0.0
Villapol_35d_243_1	4.958620689655172	1.927586206896552	1.1275862068965516	0.8344827586206897	0.7241379310344828	0.6103448275862069	0.506896551724138	0.41379310344827586	0.29482758620689653	7.787931034482759	3.810344827586207	13.403448275862068	8.344827586206897	41.02413793103448	14.23103448275862	0.0
Villapol_35d_243_2	8.775862068965518	1.8482758620689654	1.1793103448275861	0.9862068965517241	0.7931034482758621	0.5689655172413793	0.506896551724138	0.46896551724137936	0.2637931034482759	5.943103448275862	3.2517241379310344	13.036206896551725	7.612068965517241	42.38275862068966	12.382758620689655	0.0
Villapol_35d_244_1	6.111042106570612	2.1032583944023515	1.4035523537448764	1.4076926261748022	0.9522626588829545	0.7949323065457706	0.7535295822465119	0.6293214093487352	0.37262451869333	8.197739411253261	5.229164078996398	12.321450751459446	7.717467809381858	52.005961992299085	0.0	0.0
Villapol_35d_244_2	10.474889247712499	1.7637560551484288	1.2545025462675445	1.0764708317807312	0.7038463130874011	0.9439821140231027	0.521674326170662	0.5630770504699208	0.48441187430132904	7.5642777294746	4.11957106777626	11.447853268745083	9.986337100981245	49.09535047406119	0.0	0.0
Villapol_35d_245_1	4.57882197989502	1.704468418911852	1.0807879292645606	0.8057487071219664	0.5229619012570454	0.813496290844293	0.6101222181332198	0.619806697786128	0.6449863448836894	6.790757132619264	4.392879970559182	11.906099285285402	6.279416606945709	34.32954347362916	24.920103042863506	0.0
Villapol_35d_245_2	8.673419977144627	1.7083422107730153	1.1214627438067752	0.8057487071219664	0.619806697786128	0.6740397838424141	0.5016560460206474	0.4338646884502895	0.4880977745065757	4.915841871816228	3.596815743090124	11.433496678223479	5.57632338414457	35.34254004532337	24.108543647949794	0.0
Villapol_35d_246_1	4.228875796949398	1.6463562262932774	0.9502864982648697	0.702122508272133	0.6052780243725284	0.7263336292470342	0.6214187716891293	0.5487854087644257	0.4539585182793964	6.633847147122912	4.0715035106125415	8.177306109272859	5.802598660317973	33.81688322169317	31.01444596884836	0.0
Villapol_35d_246_2	7.729400371237189	1.5495117423936728	0.956339278508595	0.807037365830038	0.5144863207166492	0.5447502219352757	0.5508030021790009	0.5649261560810266	0.32685013316116535	5.736018077636994	2.955774352352514	8.09458477927528	6.488580421273504	32.709224437091436	30.471713340327653	0.0
Villapol_35d_247_1	4.146076472855991	1.5595976588511549	0.9042161707496582	0.7850559001857499	0.6746574142221288	0.6834191988224161	0.5642589282585077	0.39252795009287494	0.5519924298181054	6.406616899730137	4.491290786107315	12.848280937861423	4.142571759015876	35.29071601303754	26.558721480391128	0.0
Villapol_35d_247_2	7.694599235972382	1.5631023726912698	1.035642939753969	0.7570181894648302	0.6308484912206919	0.5467353590579329	0.5519924298181054	0.3224336732905758	0.45736515613500156	5.356955104615708	2.9036554165352397	10.83657519363544	4.822486243998178	37.57403707987243	24.946553113938247	0.0
Villapol_35d_248_1	4.855765896955829	1.6365023230011786	1.019346785937175	0.769710838360724	0.7194369322515776	0.6136883711254421	0.4125927466888565	0.6102212051868803	0.4836696484293739	7.837528604118993	3.63879065252063	12.220026350461133	4.451841065113377	37.29283683517093	23.4380417446779	0.0
Villapol_35d_248_2	9.494833922751543	1.785590458359337	1.248179737882255	0.922266139657444	0.7194369322515776	0.5096733929685875	0.5460786353234865	0.41605991262741837	0.3276471811940919	6.443727896817142	2.8274738228971636	11.426045350530476	7.75258303862423	41.635462173219615	13.944941404895639	0.0
Villapol_35d_249_1	4.798665795536604	1.6815102644338227	1.1502355489838725	0.9078092225164196	0.7135242942127162	0.5880127918572264	0.5295553798012448	0.4126405556892816	0.4487466043120938	7.551322169113854	2.8919225611223824	5.857776555139094	9.287851174306248	47.79237302706234	15.388054055912795	0.0
Villapol_35d_249_2	8.765173137099824	1.7846704033561434	1.1089714934149444	0.8596678243526701	0.490010659881022	0.5983288057494585	0.4693786320965579	0.5776967779649944	0.4642206251504418	6.373577249750697	2.1044668340153367	7.142120284721984	6.344348543722705	48.309893057322654	14.607475671400572	0.0
Villapol_35d_250_1	4.754307594128909	1.8506700701978303	1.2162618716918805	0.8183490371260183	0.5724689365216412	0.6982244078231165	0.5124066218701903	0.6757010398288225	0.37163557190585234	6.87338113292541	3.997897818987199	8.917376778407599	12.82518112541762	37.66470212845828	18.251435864709638	0.0
Villapol_35d_250_2	8.224783212583056	1.8957168061864185	1.10364503172041	0.9459814557603514	0.7695484064717144	0.4729907278801757	0.40729757123015126	0.4354517812230189	0.4560982018844551	6.163895041105147	2.2598445887608394	8.831037201096137	12.693794812117574	37.640301813131124	17.69961334884943	0.0
Villapol_35d_251_1	4.592746730083235	1.638261329105562	1.154379706698375	0.8851895891134892	0.5945303210463734	0.6341656757827983	0.5780155899061963	0.5020478266613819	0.43103448275862066	7.249966970537719	3.250099088386841	7.831285506671952	6.815629541551063	34.55542343770644	29.287224203989958	0.0
Villapol_35d_251_2	8.794094332144272	1.7373497159466245	1.0404280618311534	0.713436385255648	0.6605892456070815	0.6936187078874356	0.4624124719249571	0.3963535473642489	0.43103448275862066	6.298718456863522	2.2542608006341656	7.306117056414322	4.703395428722421	36.77170035671819	27.736490949927333	0.0
Villapol_35d_252_1	4.728521854954608	1.7140453573556733	1.0305303375512636	0.8903221283606155	0.7536191243997337	0.6624837884258123	0.5888744786007221	0.4206246275719443	0.36278874128080196	7.283816467454169	4.772336920326685	6.731746643765993	8.365172280837042	43.67836236811665	0.0	18.01675488099828
Villapol_35d_252_2	7.825370675453048	1.8542535665463211	1.0988818395317046	0.6729994041151109	0.7098040590276561	0.6099057099793193	0.4784605138630867	0.32247888113849066	0.5678432472221249	5.897507799081636	3.203757580006309	6.0534894318062324	11.228924953556032	41.668127168845736	0.0	17.808195169827194
Villapol_35d_253_1	5.035911140805078	1.790546183397361	0.9871388007349257	0.8351428094204109	0.7182228161015534	0.581259395356606	0.4910639719392016	0.4810422582261567	0.3307165525304827	7.741773843327208	3.3990312343410727	10.350759979956573	9.420410890262234	39.041256054785364	0.0	18.795724068815765
Villapol_35d_253_2	8.25121095707366	1.827292467011859	0.9169868047436112	0.8618673793218641	0.7182228161015534	0.5511942542174711	0.4442959746116586	0.3607816936696175	0.3607816936696175	5.977952229831302	2.9079672624018706	9.667613161850676	9.41038917654919	39.547352597294136	0.0	18.196091531651913
Villapol_35d_254_1	5.708566853482786	2.1016813450760607	1.110888710968775	0.9447558046437149	0.7005604483586869	0.5284227381905524	0.5324259407526021	0.4003202562049639	0.4683746997598079	7.467974379503603	4.33146517213771	18.714971977582064	12.497998398718975	29.239391513210567	15.252201761409125	0.0
Villapol_35d_254_2	9.787830264211369	2.1497197758206568	1.0808646917534028	0.8726981585268214	0.6605284227381906	0.6124899919935949	0.4623698959167334	0.4323458767013611	0.30624499599679744	5.27822257806245	3.4547638110488386	16.1208967173739	11.311048839071256	32.836269015212174	14.633706965572458	0.0
Villapol_35d_255_1	4.658879490572914	1.6610084968448509	1.0587490649634617	0.675144331281048	0.7288489939965859	0.6214396685655101	0.5370466271553791	0.337572165640524	0.5523908165026756	7.154228283177014	4.931238851487428	11.928189193854651	2.9134779523179315	33.29305483629668	28.948731227343345	0.0
Villapol_35d_255_2	7.766077833400464	1.657172449508027	1.0587490649634617	0.7441931833438825	0.5466367454974395	0.4718338224293688	0.5236204614764945	0.39894892302971025	0.3625064733298809	5.335941845522374	4.068128200701997	13.324510424458639	3.907014212555383	28.870092256938452	30.964574102844427	0.0
Villapol_35d_256_1	5.03672875874345	1.7524506731516534	1.1582721187354275	0.8273372276681625	0.6831799834532555	0.46631734650387346	0.4738385940281295	0.3610198811642891	0.3610198811642891	6.968435831223206	3.2140797753654073	14.92215508812395	15.006142352144808	26.81199388271868	7.577656880687944	14.379371725123475
Villapol_35d_256_2	7.857196580339459	1.825156065886128	1.2071602276430917	0.8925213728783814	0.639306039561762	0.4437536039311054	0.456289016471532	0.44124652142302	0.24820116830044878	4.809837791761727	2.6575074585704614	11.586481811116405	10.623762128011633	28.021661192869857	14.30791987364304	13.981999147591948
Villapol_35d_257_1	5.305413600193598	2.1039445401358026	1.3366738316559668	0.8882688721547637	0.7117539039701632	0.6064143261825792	0.558015060712608	0.46691056100442707	0.2946661162436476	7.443522327719967	3.5815456447778615	13.285598371507067	7.742458967387436	55.674813876354115	0.0	0.0
Villapol_35d_257_2	8.810089823342683	1.8420191034747826	1.1786644649745903	0.8597987159959573	0.6690486697319534	0.6918247946589987	0.4284758501900383	0.6035673105666984	0.4996512405870546	5.323919201696822	2.839898076840951	11.799456220017367	4.960924710672038	59.49266181725007	0.0	0.0
Villapol_35d_258_1	4.798878959821736	1.598860582113896	1.0957708299832303	0.6707863361742207	0.6661919092141233	0.6615974822540258	0.43417334772920446	0.3491764489674025	0.3101238198065746	7.8633617422067035	4.835634375502516	11.931726815372953	8.619144977142726	11.79619122005008	11.74105809652891	32.627323057131704
Villapol_35d_258_2	8.141324573292597	1.6493992786749672	0.9165881785394316	0.6340309204934415	0.49390089821047073	0.49619811169051936	0.43417334772920446	0.36755415680779213	0.3307987411270129	6.620569249500356	3.6525694332774346	12.496841331464934	3.9994486687647886	28.326939422480528	0.0	31.439663687946524
Villapol_35d_259_1	4.294259794794597	1.5766747217050272	1.016123281701858	0.6576080497563681	0.6536465554807273	0.641762072653805	0.4436873588717664	0.3169195420512617	0.4634948302499703	8.043814126688586	4.009032206948461	7.320841421384146	10.406845462108308	20.084775977498712	13.310620766152992	26.759893831953413
Villapol_35d_259_2	8.022025908172562	1.651943112942202	0.8853939706057125	0.554609198589708	0.56451293427881	0.451610347423048	0.4436873588717664	0.3803034504615141	0.3208810363269025	6.271045438339342	2.7354117973299528	9.55314344570772	10.333557818008952	19.96593114922949	11.533890583528107	26.332052450184207
Villapol_35d_261_1	5.059045350798849	1.8934206609109854	1.1015183090205418	0.7462538453904932	0.5854917138037115	0.523965465912474	0.5001488538255433	0.4763322417386127	0.5358737719559392	8.103602262578148	4.775230723429592	11.926168502530516	9.20313585392478	28.655353775925374	0.0	25.914458668254444
Villapol_35d_261_2	9.588171082663491	1.7663987297806887	1.113426615064007	0.8653369058251463	0.49617941847772157	0.4763322417386127	0.3612186166517813	0.30167708643445473	0.30366180410836563	7.03383943634018	2.193113029671529	14.071648308028184	9.18328867718567	27.426813535774535	0.0	24.818894512255632
Villapol_35d_262_1	3.829117245722683	1.2469822609425842	0.8691088485357404	0.6045974598509499	0.6612784717119765	0.4786396557153354	0.3967670830271859	0.4534480948882124	0.3778734124068437	7.75480214128267	3.2266190826073267	7.931143067072531	2.962107693922536	17.655085546341976	17.52702844547077	34.025401490500684
Villapol_35d_262_2	7.498687939540254	1.406528812847696	0.8313215072950562	0.5878030859662012	0.4933347328644904	0.5290227773695813	0.4849375459221161	0.3190931038102236	0.3778734124068437	7.156502571638502	2.8592421538784505	10.282355410937335	4.700325390994017	13.981316259053218	15.541093733599245	32.950561561876775
Villapol_35d_263_1	4.0782446633568785	1.41266385804451	0.8974017634806033	0.714162659942679	0.6656121282360495	0.5356219949570094	0.4823730246981253	0.388404253653036	0.46514541667319226	7.169817230740318	4.32882805281045	6.746957761037415	8.112637233559381	26.317520477361356	15.65049881755963	22.03411066388937
Villapol_35d_263_2	7.50497251413447	1.6099982772391976	0.9021002020328578	0.6765751515246433	0.5168282407479914	0.4886376094344646	0.3837058151007815	0.3633459147076788	0.3100969444487949	6.508903541056522	2.8112324004322566	9.685048002380542	7.182346400212995	25.71142190412053	14.189284427808492	21.155502654617784
Villapol_35d_264_1	4.631946132182018	1.772720124662254	0.9778552945717593	0.7834279260604154	0.5789932665227523	0.48034996926332046	0.6104447526054697	0.2744856967218974	0.4889276472858797	6.885016226107593	3.7412972308396117	11.724256243834793	10.602010035883286	24.459248881327824	11.604168751518964	20.38485182061216
Villapol_35d_264_2	7.887174941743271	1.6354772763013052	1.0636320747973522	0.6633404337445853	0.7576948919927375	0.44603925717308324	0.48034996926332046	0.40029164105276704	0.24446382364293984	5.10228881041902	2.985031951850634	11.559850748402408	8.833578750232313	29.454316716464852	9.21957426124748	19.26689445167193
Villapol_35d_265_1	4.704552613537401	1.7565639533806445	0.9561044303211104	0.6522262780485093	0.5002872019122089	0.5892271489188238	0.4539643128462636	0.5929329800440993	0.5169634419759491	7.561748411124905	4.463673590394486	13.352109544368062	11.982804943578723	14.374918934944134	11.123052122514778	26.418870092089904
Villapol_35d_265_2	8.423354147751487	1.7306231355037152	1.083955604143119	0.6966962515518168	0.518816357538587	0.37799477477811333	0.518816357538587	0.32611313902425465	0.3668772814022865	6.28879541959273	3.6261557560821953	12.925938964961366	11.393577794659898	26.567103337100928	0.0	25.15518167837092
Villapol_35d_266_1	4.616690609899439	1.5573984589264724	0.901136215227896	0.7248269557267859	0.595859997388011	0.4799529841974664	0.39996082016455525	0.3917983544469113	0.38200339558573854	7.605785555700666	3.730246832963301	16.009860258586915	8.626093770406165	13.505615776413741	10.441426146010187	30.031343868355755
Villapol_35d_266_2	8.461211962909756	1.6618780201123156	0.7933916677549955	0.6268773671150581	0.46526054590570715	0.37220843672456577	0.37710591615515215	0.37873840929868097	0.38200339558573854	5.810043097818989	3.3662008619563797	12.565299725741152	8.609768838970876	17.85947499020504	9.984328065822123	28.28620869792347
Villapol_35d_267_1	3.9795471603702772	1.4135601701275957	0.8537653239929947	0.5754315736802602	0.6254691018263697	0.5347760820615461	0.5363397548161121	0.33775331498623967	0.5207030272704529	6.506442331748811	4.404866149612209	8.576745058794096	2.505003752814611	27.078121090818115	19.39110582937203	22.16037027770828
Villapol_35d_267_2	7.923129847385539	1.4041781336002002	0.9100575431573681	0.619214410808106	0.5394671003252439	0.5347760820615461	0.37215411558669004	0.5504128096072054	0.26738804103077307	6.2937828371278455	3.5792469352014007	6.631536152114085	2.3173630222667	29.46897673254941	17.469352014010507	21.118964223167374
Villapol_35d_268_1	6.202705351891786	2.3289551068417955	1.305626347774946	1.0350911585963538	0.8233679670652814	0.658694373652225	0.6038031758478729	0.6900607723975691	0.4940207802391688	8.67280925308763	6.457557341697706	15.29896098804156	8.374828465006862	23.426779062928837	23.626739854930406	0.0
Villapol_35d_268_2	9.676534012938639	1.9603999215840031	1.1644775534208978	1.0507743579690259	0.588119976475201	0.5645951774161929	0.6861399725544011	0.658694373652225	0.3881591844736326	6.434032542638699	3.630660654773574	14.667712213291512	9.590276416388942	25.885120564595177	23.054303077827875	0.0
Villapol_35d_269_1	3.8568349498466388	1.454861974633176	0.8579955235016165	0.7875321230208074	0.6942717400315013	0.5844317333996518	0.5222581447401144	0.29843322556577967	0.4289977617508082	7.170687225399984	3.027853767719473	7.446323468457266	5.9479399817624135	22.463317582690873	11.371549365829397	33.0867114316505
Villapol_35d_269_2	7.230788361104203	1.4921661278288982	0.920169112161154	0.6631849457017326	0.580286827489016	0.385476249689132	0.4787366326784382	0.4642294619912128	0.39169360855508584	6.563458509491834	2.8972892315344443	7.249440437702064	6.4100969907983085	20.76805106524082	11.311448230125176	32.193484207908476
Villapol_35d_270_1	4.618099148315293	1.4794204472193004	0.9263343625937362	0.8550778731634487	0.6447015710359336	0.4784364290319297	0.30877812086457873	0.4071799396016423	0.42753893658172437	8.197889450646398	3.683281870313189	10.663024668318007	6.380848970174069	23.385701197787657	9.224322215058871	28.31936479929422
Villapol_35d_270_2	8.472735909877507	1.649078755386651	0.9161548641036952	0.6175562417291575	0.3902141087849072	0.36646194564147805	0.4156628550100098	0.35288928098808997	0.25957721149604696	6.723558752672118	3.5017474805741235	9.331206949204303	8.214855281463134	31.520817074412133	0.0	27.267483288656646
Villapol_35d_271_1	4.21613065688179	1.352615296064465	0.982085042089359	0.6835024102453414	0.629541693647025	0.4424778761061947	0.528815022663501	0.43168573278653144	0.4856464493848478	7.8998489099935245	2.2969278365350023	6.862004460752572	7.824303906755882	23.557450176271676	12.937981149723003	28.868983380099287
Villapol_35d_271_2	7.892654147780416	1.3238362472120295	0.8687675372328945	0.6259443125404706	0.44067918555291746	0.5180228793438377	0.402906683934096	0.3741276350816605	0.3561407295488884	7.074249946039283	3.1171307288294123	5.448233685876682	9.540254694582345	21.971005108281172	12.612418159579825	27.43362831858407
Villapol_35d_272_1	4.467825556572126	1.738334858188472	1.032544765390145	0.6447958872478543	0.5881584106652725	0.4966671023395634	0.32021957913998167	0.5925151396331634	0.49013200888772707	8.506513309806998	4.563673593865725	9.848385831917396	12.86542064218185	20.585544373284538	0.0	33.25926894087919
Villapol_35d_272_2	8.632858449875833	1.4943580359865811	0.9802640177754541	0.566374765825818	0.7079684572822724	0.5097372892432361	0.5336992985666361	0.3485383174312726	0.3725003267546726	6.870561582363961	3.5550908377989807	8.504334945323052	13.078900361608504	22.820546333812576	0.0	31.02426698035115
Villapol_35d_273_1	4.332597104165272	1.5527742453651028	0.943711933605515	0.7049952033554202	0.7027642058764474	0.5086674252058095	0.5309773999955381	0.49974343528991816	0.4015795462151128	7.36898467304732	4.310287129375544	9.724918010842648	6.043772170537447	31.088949869486648	0.0	31.285277647636256
Villapol_35d_273_2	9.040001784797983	1.713406063851148	1.003948865537782	0.7496151529348771	0.5242844075586195	0.49528144033197247	0.49974343528991816	0.428351515962787	0.26102670503982334	6.962943131874261	3.85293264618611	8.955223880597014	7.509537514222608	28.70847555942262	0.0	29.29522789639248
Villapol_35d_274_1	4.871217529792959	1.8287659948377177	1.157394694931078	0.8018013070459663	0.5697731890823219	0.49426107968586963	0.4324784447251359	0.3734417046515459	0.49426107968586963	7.267010818825856	3.5545609314075457	14.984348399143279	5.714207260146082	27.609973090230106	29.846504475808665	0.0
Villapol_35d_274_2	8.413421934208358	1.7408973584491185	1.0873743753089131	0.7633587786259541	0.6727442473502114	0.44483497171728265	0.5285847657751661	0.48327750013729476	0.3706958097644022	5.537097039925311	3.0973694326981165	13.099291559119116	9.002416387500686	25.711186775770223	29.047449063649843	0.0
Villapol_35d_275_1	4.754169736753969	1.7248308660995377	1.014803402773126	0.756916069395137	0.6195994373367272	0.4923303637216156	0.5743854243418849	0.4822828052783174	0.34664076629379065	7.910777681023512	3.7192712170942466	14.543840846674257	5.2732935896577136	27.320986000401902	13.446982383280861	17.0188894098734
Villapol_35d_275_2	8.577265724428964	1.8822426150445442	0.974613168999933	0.7368209525085404	0.5693616451202358	0.6329961819277916	0.38683100006698373	0.3215218701855449	0.4973541429432648	6.319914260834618	3.153258758121776	10.34563601044946	11.519525755241476	24.067251657847144	12.614709625560987	17.400696630718734
Villapol_35d_276_1	5.452496678383424	1.9172875426764662	1.1049630838056477	0.9014615112934964	0.6138683798920264	0.7265510688037135	0.5180040027582031	0.40363948266872973	0.4692308986023983	8.375519265376141	5.163221715804168	15.836122370036495	11.439815671302915	33.4482584638154	13.629559864780774	0.0
Villapol_35d_276_2	9.376208816159034	2.0282884004103665	1.1352360450058023	1.0023713819606788	0.639095847558822	0.6256411981365311	0.43559427504667086	0.37673018382414775	0.45409441800232087	7.305874636304008	2.8406128592811855	14.552885181385491	11.929228544038748	34.5969491582435	12.701189054642695	0.0
Villapol_35d_277_1	5.451313450523405	1.8072289156626504	1.2295081967213115	0.8032128514056224	0.633682270063862	0.6320363420896702	0.5415103035091184	0.4608598327737178	0.4295872012640727	7.842846797024163	5.052998880768977	16.370399631312132	6.825663308973599	26.216340772927776	25.702811244979916	0.0
Villapol_35d_277_2	8.565409177694384	1.955362433339917	0.982619000592534	0.7571268681282507	0.5925340707090658	0.6024096385542169	0.5184673118704326	0.4608598327737178	0.3999604977286194	6.819079597076833	2.276318388307328	17.084732372111397	5.796958325103693	27.961024425571136	25.227138060438474	0.0
Villapol_35d_278_1	5.019259259259259	1.665185185185185	0.9911111111111112	0.7407407407407408	0.674074074074074	0.5422222222222223	0.43555555555555553	0.32	0.33333333333333337	7.952592592592593	3.6681481481481484	14.928888888888888	10.731851851851852	21.845925925925926	30.151111111111113	0.0
Villapol_35d_278_2	8.232592592592592	1.8222222222222224	1.1911111111111112	0.7111111111111111	0.6444444444444445	0.5511111111111111	0.5081481481481481	0.34370370370370373	0.38666666666666666	5.425185185185185	2.9629629629629632	12.557037037037036	12.072592592592594	30.765925925925924	21.825185185185187	0.0
Villapol_35d_279_1	4.872684974827793	1.6466440086512422	1.0795877937514768	0.879664128241944	0.6906453899420222	0.7088202686247069	0.5216190181930536	0.5234365060613221	0.3271478162883263	7.653441413278567	3.5622762218062194	9.93257120008724	5.834136057141818	30.150306246705803	11.230257538030934	20.386761418367534
Villapol_35d_279_2	8.255029897675433	1.5921193726031877	1.145017357009142	0.8142345649842788	0.6542956325766526	0.5234365060613221	0.572508678504571	0.21809854419221752	0.4252921611748241	6.5902110103415055	2.955235273804547	9.305537885534614	6.78831718798277	28.8471674451573	11.161192999036732	20.152305483360898
Villapol_35d_280_1	4.992274412855377	1.65327564894932	1.0800370828182944	0.7849196538936959	0.7184796044499382	0.5747836835599506	0.3785537700865266	0.4202719406674907	0.4032756489493201	7.240420271940668	5.315203955500618	12.835290482076639	8.648022249690976	27.09672435105068	9.309332509270703	18.549134734239804
Villapol_35d_280_2	8.056242274412856	1.7954264524103831	0.9873300370828182	0.7416563658838072	0.5407911001236094	0.46353522867737945	0.34610630407911	0.30902348578491967	0.27812113720642767	6.226823238566131	3.161310259579728	12.109085290482078	9.707972805933252	25.1946847960445	11.809332509270705	18.2725587144623
Villapol_35d_281_1	5.221070384855843	1.788336556216287	1.1035345090798063	0.9188851248200758	0.7269660797627183	0.4885212056005467	0.549586356300615	0.40710100466712223	0.40564707250759674	7.7567280710682045	3.0736125852367726	18.268657584437108	3.460358539670539	39.77376815597784	0.0	16.05722676979892
Villapol_35d_281_2	8.062053824568546	1.7505343200686256	1.0337457654225854	0.8200177379723462	0.7705840445484813	0.5757571351720728	0.4376335800171564	0.34894371828610476	0.3402201253289521	5.203623198941537	3.450181014553861	14.379389057706568	8.107125721513835	39.70397941232062	0.0	15.016211343578709
Villapol_35d_282_1	5.572576449505752	1.988554251690849	1.0983293832013412	0.8709559319421162	0.6647783108850223	0.6474362679923694	0.6339480124091952	0.5086999248511475	0.5549453725648882	7.936874963870744	3.1446904445343664	14.831300460527583	10.875387787348016	34.05977224117001	16.6117501975066	0.0
Villapol_35d_282_2	9.09686494402374	1.9500163785960651	1.0925487022371236	0.7553423126577644	0.770757461895678	0.682120353777675	0.47208894541110275	0.36996358170992544	0.3815249436383606	6.19881688729599	3.1003718904753645	12.931383316954737	10.807946509432144	35.57431065379502	15.815943118099312	0.0
Villapol_35d_283_1	6.636729457047879	2.099492622616201	1.198460372076748	0.8514608969499038	1.0060068816702632	0.8747885927567504	0.3061760074648626	0.6298477867848603	0.5248731556540502	9.126960984428763	5.572403335860501	10.191287105616142	19.04997958826617	18.737971656849595	23.19356155595731	0.0
Villapol_35d_283_2	11.106899166034875	2.0586691549542193	1.145973056511343	0.8281332011430571	0.6415116346882836	0.5423689275091853	0.5919402810987345	0.41989852452324017	0.39365486674053773	6.826266985478509	4.318539686242492	10.867790284014696	16.419781886044206	21.916370210532456	21.922202134484166	0.0
Villapol_35d_284_1	4.10435110190243	1.288378225654549	0.8984742889433038	0.6630250517988321	0.42380862686004894	0.5537766057637973	0.5142211339235261	0.33151252589941604	0.2881898662648333	7.77170841966472	4.5884347334714635	11.489922772650218	7.065360708231305	11.759276699943493	14.175927669994348	34.08363156903372
Villapol_35d_284_2	7.084196647202863	1.4692032397815031	0.9606328875494443	0.5198719156149935	0.46148050480316444	0.3390469014880392	0.2900734601619891	0.28630627236767753	0.22038048596722545	7.671877943115464	2.584290826897721	12.068186099077039	9.568656997551328	7.666227161423997	16.90713882087022	31.902429836127332
Villapol_35d_285_1	4.508151146498232	1.463425483175055	0.8807241509685741	0.8629317438782999	0.5782532304339123	0.4803949914374041	0.5448924671396482	0.5337722127082268	0.4003291595311701	7.9465338166937265	5.175366412383515	8.980717478815915	5.602384182550097	34.27484820852701	0.0	27.767275315259216
Villapol_35d_285_2	8.698263016257812	1.69472677534862	0.887396303627427	0.6672152658852835	0.6894557747481262	0.5337722127082268	0.42034561750772853	0.3558481418054845	0.42034561750772853	7.897604697195472	4.301314414073794	8.188955363298712	10.039365700687233	17.100727264639815	12.063252007205925	26.041411827502614
Villapol_35d_286_1	3.948555300142579	1.4025082200948584	0.790002036837664	0.640148980126284	0.5237582564669596	0.4626531265458143	0.28515727296534465	0.38408938807577037	0.22259725899845784	8.093519946460267	3.1861960601740043	8.333575814007624	3.635755230308144	22.851863706462595	14.38734832833823	30.852271073995404
Villapol_35d_286_2	7.37626211190968	1.4316059010096895	0.7681787761515407	0.6052317630284867	0.48738615532342067	0.4626531265458143	0.3564465912066808	0.2560595920505136	0.19640934617510983	6.964529926964821	2.634795006837955	11.167689935112172	5.67259289434632	14.673960485349319	0.0	46.946198387988474
Villapol_35d_287_1	4.299932649854075	1.6672902791289381	0.9653520915961984	0.6405747212452293	0.5837012646860735	0.5208411284891117	0.3143006809848088	0.41906757464641176	0.35022075881164405	7.219935643193893	4.100875551897029	12.033226071989823	7.749756791139714	17.46613784329866	18.585646935568363	23.08314001347003
Villapol_35d_287_2	7.088228691162164	1.6313702013021028	0.8845319164858191	0.6166280026940059	0.43403427374092646	0.4130808950086058	0.4504976427448926	0.3472274189927411	0.25593055451620145	6.966998428496594	2.6969991768315498	11.302851156177505	8.867769213499962	13.627179525555638	21.155429170096536	23.26124373269475
Villapol_35d_288_1	5.42506981073534	1.7995656220912193	1.0425069810735341	0.7508532423208191	0.589512876202296	0.6794911573068569	0.3909401179025752	0.2978591374495811	0.5584858827179646	8.53087185851691	4.5873409866583925	13.295066708035991	9.069190195470059	24.25845485572448	10.744647843623953	17.98014272417003
Villapol_35d_288_2	9.01489295687248	1.8181818181818181	1.0331988830282346	0.7074154514427552	0.7291343468817871	0.4467887061743717	0.49953459509773507	0.40955631399317405	0.2513186472230841	6.019236735960285	4.709897610921502	11.791808873720136	11.070431275209431	22.686937635743096	12.489916227117593	16.321749922432517
Villapol_35d_289_1	4.63316401671125	1.6440744191638366	1.0459559376033183	0.8055062967749691	0.6687505635538457	0.6401971687054793	0.5049442457395329	0.45685431757386313	0.47338523038081215	7.4749782092513	3.5180788073697817	10.33783174536383	7.581677737368881	26.079769168344807	34.134832136094495	0.0
Villapol_35d_289_2	7.798082414114393	1.6019957320188751	0.9422620299960928	0.8355625018785128	0.47338523038081215	0.5049442457395329	0.47338523038081215	0.39674190736677584	0.4192840611944336	6.244176610261189	3.0792582128580444	10.174025427549518	5.857954374680653	25.67701601995732	35.52192600162304	0.0
Villapol_35d_290_1	5.593811618383134	1.8322463218565146	1.2376763233732748	0.8979220385257092	0.9555589261337782	0.6006370392840892	0.6158046412862127	0.4853632640679509	0.3822235704535113	9.601092067344153	4.34400121340816	13.556802669497953	19.032306992264523	19.94236311239193	20.92219020172911	0.0
Villapol_35d_290_2	8.706203549218868	1.838313362657364	1.3013802517821933	1.0071287729409981	0.6370392840891855	0.6188381616866374	0.4671621416654027	0.6309722432883361	0.3003185196420446	6.349158198088882	4.947671773092674	16.957379038374032	15.379948430153192	20.967693007735477	19.890793265584712	0.0
Villapol_35d_291_1	4.056998079623026	1.5879419691125922	0.9392095792922038	0.8004260332112254	0.6535736763115852	0.532541514031662	0.4744460761372989	0.4389433085351881	0.45023964368131425	7.123146190714412	4.547581777397647	5.372214243064858	9.858473058240676	28.592638017009055	11.885358335888457	22.686268497748802
Villapol_35d_291_2	8.333467813513645	1.894556780221731	1.0457178820985364	0.5938644762534898	0.4760598383010312	0.4453983571901173	0.4518534058450465	0.490583697774622	0.3050010489454064	6.014491584230316	3.998902641728662	7.160262720480255	11.515806800393758	22.2118224216115	14.08168864072813	20.98052189068375
Villapol_35d_292_1	5.6435036048473695	1.8990642736616044	1.150483202945237	0.8222119957048628	0.7286393618653167	0.4878048780487805	0.45098941555453287	0.42951372909955515	0.5522319374137138	7.8846448841846914	4.377972081607608	14.373370148795829	7.275655775425678	38.35864396379813	0.0	15.565270747047094
Villapol_35d_292_2	9.779107225034513	2.037122258015033	1.1642890013805798	0.7547169811320755	0.5905813775118883	0.45098941555453287	0.42951372909955515	0.3804264457738917	0.26231017027151404	5.841386715753949	3.271974229176254	13.842613897837092	10.54916398220586	36.38134683233625	14.264457738917011	0.0
Villapol_35d_293_1	3.6171047469595923	1.2930561004315417	0.8144370341310319	0.5963122793252256	0.6355433503334641	0.4707728520988623	0.4064338956453511	0.38917222440172616	0.40957238132601026	7.022361710474696	4.298156139662613	5.57081208316987	9.50490388387603	13.947430364848962	19.033346410357	31.990584542958022
Villapol_35d_293_2	6.644174185955276	1.3589642997253826	0.9556688897606904	0.6276971361318164	0.5100039231071009	0.24480188309140838	0.37347979599843073	0.40172616712436254	0.3530796390741467	6.143585719890153	2.758728913299333	8.845821890937623	6.237740290309925	14.60337387210671	20.33111023930953	29.61004315417811
