	17.0	18.0	19.0	20.0	21.0	22.0	23.0	24.0	25.0	26.0	27.0	28.0	29.0	30.0	31.0	32.0	33.0	34.0	35.0	36.0	37.0
Villapol_234_B_1	44.0	226.0	447.0	595.0	534.0	668.0	765.0	819.0	955.0	996.0	1066.0	1091.0	1210.0	1360.0	1676.0	1813.0	2352.0	3232.0	4955.0	9320.0	6824.0
	4.0	5.0	6.0	7.0	8.0	9.0	10.0	11.0	12.0	13.0	14.0	15.0	16.0	17.0	18.0	19.0	20.0	21.0	22.0	23.0	24.0	25.0	26.0	27.0	28.0	29.0	30.0	31.0	32.0	33.0	34.0	35.0	36.0	37.0
Villapol_234_B_2	1.0	2.0	1.0	2.0	2.0	4.0	4.0	3.0	4.0	14.0	6.0	16.0	77.0	316.0	636.0	809.0	851.0	812.0	810.0	954.0	1001.0	1108.0	1092.0	1359.0	1569.0	1893.0	2306.0	3005.0	4065.0	5167.0	6207.0	5319.0	1520.0	13.0
	17.0	18.0	19.0	20.0	21.0	22.0	23.0	24.0	25.0	26.0	27.0	28.0	29.0	30.0	31.0	32.0	33.0	34.0	35.0	36.0	37.0
Villapol_236_B_1	54.0	221.0	416.0	601.0	628.0	689.0	808.0	839.0	962.0	1056.0	1064.0	1195.0	1336.0	1479.0	1736.0	2101.0	2653.0	3644.0	5631.0	11127.0	8287.0
	3.0	4.0	5.0	6.0	7.0	8.0	9.0	10.0	11.0	12.0	13.0	14.0	15.0	16.0	17.0	18.0	19.0	20.0	21.0	22.0	23.0	24.0	25.0	26.0	27.0	28.0	29.0	30.0	31.0	32.0	33.0	34.0	35.0	36.0	37.0
Villapol_236_B_2	1.0	2.0	5.0	0.0	1.0	3.0	2.0	4.0	2.0	7.0	9.0	7.0	19.0	79.0	309.0	577.0	739.0	850.0	924.0	963.0	987.0	1100.0	1195.0	1287.0	1449.0	1769.0	2100.0	2674.0	3374.0	4415.0	6067.0	7266.0	6467.0	1857.0	17.0
	16.0	17.0	18.0	19.0	20.0	21.0	22.0	23.0	24.0	25.0	26.0	27.0	28.0	29.0	30.0	31.0	32.0	33.0	34.0	35.0	36.0	37.0
Villapol_237_B_1	2.0	44.0	173.0	360.0	481.0	574.0	632.0	781.0	878.0	919.0	1053.0	1105.0	1184.0	1270.0	1334.0	1612.0	1942.0	2459.0	3502.0	5308.0	9640.0	5097.0
	3.0	4.0	5.0	6.0	7.0	8.0	9.0	10.0	11.0	12.0	13.0	14.0	15.0	16.0	17.0	18.0	19.0	20.0	21.0	22.0	23.0	24.0	25.0	26.0	27.0	28.0	29.0	30.0	31.0	32.0	33.0	34.0	35.0	36.0
Villapol_237_B_2	2.0	6.0	1.0	2.0	4.0	1.0	0.0	5.0	0.0	3.0	10.0	8.0	12.0	84.0	308.0	555.0	703.0	771.0	873.0	835.0	962.0	1019.0	1115.0	1226.0	1466.0	1670.0	2054.0	2623.0	3132.0	4204.0	5355.0	6087.0	4394.0	860.0
	16.0	17.0	18.0	19.0	20.0	21.0	22.0	23.0	24.0	25.0	26.0	27.0	28.0	29.0	30.0	31.0	32.0	33.0	34.0	35.0	36.0	37.0
Villapol_238_B_1	2.0	43.0	324.0	559.0	654.0	709.0	777.0	917.0	1019.0	988.0	1080.0	1221.0	1311.0	1394.0	1632.0	1931.0	2305.0	2865.0	3868.0	6090.0	11528.0	8411.0
	3.0	4.0	5.0	6.0	7.0	8.0	9.0	10.0	11.0	12.0	13.0	14.0	15.0	16.0	17.0	18.0	19.0	20.0	21.0	22.0	23.0	24.0	25.0	26.0	27.0	28.0	29.0	30.0	31.0	32.0	33.0	34.0	35.0	36.0	37.0
Villapol_238_B_2	1.0	1.0	3.0	3.0	1.0	4.0	1.0	2.0	5.0	4.0	10.0	8.0	8.0	99.0	375.0	721.0	878.0	921.0	973.0	960.0	1070.0	1142.0	1297.0	1446.0	1590.0	1908.0	2272.0	2838.0	3563.0	4752.0	6410.0	7693.0	6767.0	1885.0	17.0
	14.0	15.0	16.0	17.0	18.0	19.0	20.0	21.0	22.0	23.0	24.0	25.0	26.0	27.0	28.0	29.0	30.0	31.0	32.0	33.0	34.0	35.0	36.0	37.0
Villapol_239_B_1	1.0	3.0	6.0	48.0	292.0	626.0	742.0	774.0	852.0	933.0	1022.0	1115.0	1191.0	1235.0	1405.0	1482.0	1725.0	1961.0	2439.0	2945.0	4055.0	6348.0	12054.0	8574.0
	3.0	4.0	5.0	6.0	7.0	8.0	9.0	10.0	11.0	12.0	13.0	14.0	15.0	16.0	17.0	18.0	19.0	20.0	21.0	22.0	23.0	24.0	25.0	26.0	27.0	28.0	29.0	30.0	31.0	32.0	33.0	34.0	35.0	36.0	37.0
Villapol_239_B_2	5.0	5.0	7.0	2.0	2.0	3.0	3.0	2.0	4.0	3.0	7.0	13.0	29.0	128.0	454.0	900.0	1036.0	1062.0	1094.0	1151.0	1186.0	1310.0	1495.0	1684.0	1857.0	2088.0	2580.0	3126.0	3961.0	5148.0	6683.0	7729.0	5789.0	1277.0	5.0
	16.0	17.0	18.0	19.0	20.0	21.0	22.0	23.0	24.0	25.0	26.0	27.0	28.0	29.0	30.0	31.0	32.0	33.0	34.0	35.0	36.0	37.0
Villapol_240_B_1	2.0	42.0	247.0	514.0	598.0	621.0	682.0	741.0	825.0	927.0	947.0	960.0	1066.0	1258.0	1404.0	1588.0	2027.0	2484.0	3599.0	5656.0	10673.0	7456.0
	4.0	5.0	6.0	7.0	8.0	9.0	10.0	11.0	12.0	13.0	14.0	15.0	16.0	17.0	18.0	19.0	20.0	21.0	22.0	23.0	24.0	25.0	26.0	27.0	28.0	29.0	30.0	31.0	32.0	33.0	34.0	35.0	36.0	37.0
Villapol_240_B_2	3.0	3.0	2.0	0.0	4.0	3.0	5.0	5.0	3.0	8.0	14.0	15.0	88.0	364.0	592.0	715.0	764.0	883.0	902.0	967.0	1023.0	1146.0	1251.0	1381.0	1675.0	2056.0	2580.0	3331.0	4223.0	5738.0	7019.0	5978.0	1564.0	12.0
	16.0	17.0	18.0	19.0	20.0	21.0	22.0	23.0	24.0	25.0	26.0	27.0	28.0	29.0	30.0	31.0	32.0	33.0	34.0	35.0	36.0	37.0
Villapol_241_B_1	3.0	55.0	302.0	573.0	673.0	689.0	773.0	861.0	889.0	934.0	1013.0	1127.0	1214.0	1320.0	1469.0	1738.0	2143.0	2619.0	3716.0	5687.0	10918.0	7551.0
	4.0	5.0	6.0	7.0	8.0	9.0	10.0	11.0	12.0	13.0	14.0	15.0	16.0	17.0	18.0	19.0	20.0	21.0	22.0	23.0	24.0	25.0	26.0	27.0	28.0	29.0	30.0	31.0	32.0	33.0	34.0	35.0	36.0	37.0
Villapol_241_B_2	2.0	3.0	1.0	2.0	0.0	3.0	3.0	3.0	5.0	6.0	4.0	18.0	84.0	357.0	711.0	829.0	835.0	920.0	927.0	1023.0	1120.0	1205.0	1325.0	1449.0	1733.0	2154.0	2623.0	3386.0	4475.0	5714.0	7264.0	6214.0	1857.0	12.0
	14.0	15.0	16.0	17.0	18.0	19.0	20.0	21.0	22.0	23.0	24.0	25.0	26.0	27.0	28.0	29.0	30.0	31.0	32.0	33.0	34.0	35.0	36.0	37.0
Villapol_242_B_1	1.0	0.0	3.0	39.0	187.0	419.0	535.0	576.0	600.0	699.0	769.0	857.0	891.0	944.0	1088.0	1206.0	1345.0	1543.0	1872.0	2293.0	3154.0	4821.0	9474.0	7038.0
	4.0	5.0	6.0	7.0	8.0	9.0	10.0	11.0	12.0	13.0	14.0	15.0	16.0	17.0	18.0	19.0	20.0	21.0	22.0	23.0	24.0	25.0	26.0	27.0	28.0	29.0	30.0	31.0	32.0	33.0	34.0	35.0	36.0	37.0
Villapol_242_B_2	4.0	2.0	0.0	1.0	2.0	3.0	7.0	2.0	3.0	4.0	12.0	16.0	97.0	336.0	577.0	737.0	704.0	789.0	836.0	881.0	1007.0	1048.0	1174.0	1374.0	1613.0	1861.0	2428.0	3154.0	3857.0	5285.0	6182.0	5110.0	1241.0	7.0
	16.0	17.0	18.0	19.0	20.0	21.0	22.0	23.0	24.0	25.0	26.0	27.0	28.0	29.0	30.0	31.0	32.0	33.0	34.0	35.0	36.0	37.0
Villapol_243_B_1	6.0	69.0	389.0	767.0	777.0	917.0	1016.0	1077.0	1128.0	1255.0	1295.0	1264.0	1543.0	1662.0	1875.0	2260.0	2656.0	3439.0	4692.0	7185.0	13850.0	9943.0
	3.0	4.0	5.0	6.0	7.0	8.0	9.0	10.0	11.0	12.0	13.0	14.0	15.0	16.0	17.0	18.0	19.0	20.0	21.0	22.0	23.0	24.0	25.0	26.0	27.0	28.0	29.0	30.0	31.0	32.0	33.0	34.0	35.0	36.0	37.0
Villapol_243_B_2	3.0	2.0	7.0	1.0	1.0	2.0	5.0	4.0	1.0	2.0	11.0	16.0	30.0	129.0	471.0	937.0	1109.0	1122.0	1206.0	1258.0	1372.0	1452.0	1446.0	1705.0	1902.0	2345.0	2878.0	3380.0	4260.0	5840.0	7598.0	9112.0	7476.0	1974.0	8.0
	16.0	17.0	18.0	19.0	20.0	21.0	22.0	23.0	24.0	25.0	26.0	27.0	28.0	29.0	30.0	31.0	32.0	33.0	34.0	35.0	36.0	37.0
Villapol_244_B_1	4.0	55.0	268.0	590.0	701.0	731.0	868.0	981.0	1034.0	1079.0	1192.0	1272.0	1475.0	1470.0	1719.0	2003.0	2532.0	3212.0	4388.0	6836.0	12738.0	9111.0
	3.0	4.0	5.0	6.0	7.0	8.0	9.0	10.0	11.0	12.0	13.0	14.0	15.0	16.0	17.0	18.0	19.0	20.0	21.0	22.0	23.0	24.0	25.0	26.0	27.0	28.0	29.0	30.0	31.0	32.0	33.0	34.0	35.0	36.0	37.0
Villapol_244_B_2	1.0	4.0	3.0	3.0	0.0	2.0	2.0	4.0	7.0	5.0	11.0	12.0	29.0	121.0	475.0	809.0	998.0	1090.0	1100.0	1204.0	1240.0	1360.0	1403.0	1577.0	1798.0	2124.0	2535.0	3281.0	4188.0	5316.0	6945.0	8360.0	6665.0	1578.0	9.0
	16.0	17.0	18.0	19.0	20.0	21.0	22.0	23.0	24.0	25.0	26.0	27.0	28.0	29.0	30.0	31.0	32.0	33.0	34.0	35.0	36.0	37.0
Villapol_245_B_1	1.0	40.0	229.0	470.0	597.0	671.0	781.0	866.0	962.0	1023.0	1077.0	1220.0	1273.0	1397.0	1672.0	1926.0	2354.0	3003.0	4205.0	6542.0	12801.0	9779.0
	3.0	4.0	5.0	6.0	7.0	8.0	9.0	10.0	11.0	12.0	13.0	14.0	15.0	16.0	17.0	18.0	19.0	20.0	21.0	22.0	23.0	24.0	25.0	26.0	27.0	28.0	29.0	30.0	31.0	32.0	33.0	34.0	35.0	36.0	37.0
Villapol_245_B_2	9.0	6.0	6.0	1.0	1.0	0.0	5.0	3.0	3.0	3.0	9.0	12.0	24.0	94.0	421.0	740.0	916.0	990.0	958.0	1043.0	1137.0	1253.0	1393.0	1472.0	1681.0	1987.0	2425.0	2964.0	3932.0	5116.0	6776.0	8308.0	7167.0	2018.0	16.0
	16.0	17.0	18.0	19.0	20.0	21.0	22.0	23.0	24.0	25.0	26.0	27.0	28.0	29.0	30.0	31.0	32.0	33.0	34.0	35.0	36.0	37.0
Villapol_246_B_1	3.0	41.0	276.0	553.0	662.0	722.0	857.0	936.0	1011.0	1099.0	1103.0	1170.0	1298.0	1501.0	1640.0	1916.0	2377.0	3154.0	4194.0	6679.0	12725.0	8652.0
	3.0	4.0	5.0	6.0	7.0	8.0	9.0	10.0	11.0	12.0	13.0	14.0	15.0	16.0	17.0	18.0	19.0	20.0	21.0	22.0	23.0	24.0	25.0	26.0	27.0	28.0	29.0	30.0	31.0	32.0	33.0	34.0	35.0	36.0	37.0
Villapol_246_B_2	2.0	3.0	0.0	0.0	4.0	2.0	4.0	3.0	6.0	3.0	9.0	8.0	26.0	98.0	372.0	760.0	874.0	938.0	1045.0	1133.0	1199.0	1215.0	1391.0	1572.0	1668.0	1956.0	2419.0	3103.0	3953.0	5210.0	6685.0	8184.0	6853.0	1856.0	15.0
	16.0	17.0	18.0	19.0	20.0	21.0	22.0	23.0	24.0	25.0	26.0	27.0	28.0	29.0	30.0	31.0	32.0	33.0	34.0	35.0	36.0	37.0
Villapol_247_B_1	5.0	53.0	324.0	661.0	782.0	833.0	925.0	1015.0	1078.0	1113.0	1236.0	1374.0	1385.0	1624.0	1789.0	2074.0	2565.0	3226.0	4458.0	6987.0	12987.0	8996.0
	3.0	4.0	5.0	6.0	7.0	8.0	9.0	10.0	11.0	12.0	13.0	14.0	15.0	16.0	17.0	18.0	19.0	20.0	21.0	22.0	23.0	24.0	25.0	26.0	27.0	28.0	29.0	30.0	31.0	32.0	33.0	34.0	35.0	36.0	37.0
Villapol_247_B_2	1.0	5.0	0.0	3.0	0.0	1.0	1.0	3.0	2.0	1.0	5.0	11.0	18.0	107.0	445.0	816.0	987.0	1036.0	1051.0	1236.0	1226.0	1363.0	1433.0	1579.0	1907.0	2134.0	2610.0	3266.0	4143.0	5208.0	7065.0	8547.0	7358.0	1914.0	8.0
	15.0	16.0	17.0	18.0	19.0	20.0	21.0	22.0	23.0	24.0	25.0	26.0	27.0	28.0	29.0	30.0	31.0	32.0	33.0	34.0	35.0	36.0	37.0
Villapol_248_B_1	3.0	3.0	53.0	342.0	608.0	736.0	838.0	882.0	1004.0	1065.0	1145.0	1197.0	1367.0	1493.0	1686.0	1871.0	2076.0	2482.0	3257.0	4486.0	6992.0	12963.0	8275.0
	3.0	4.0	5.0	6.0	7.0	8.0	9.0	10.0	11.0	12.0	13.0	14.0	15.0	16.0	17.0	18.0	19.0	20.0	21.0	22.0	23.0	24.0	25.0	26.0	27.0	28.0	29.0	30.0	31.0	32.0	33.0	34.0	35.0	36.0	37.0
Villapol_248_B_2	1.0	4.0	0.0	4.0	2.0	1.0	4.0	2.0	2.0	4.0	9.0	12.0	21.0	113.0	520.0	886.0	1034.0	1038.0	1179.0	1208.0	1374.0	1402.0	1476.0	1557.0	1834.0	2235.0	2712.0	3292.0	4344.0	5485.0	7169.0	8398.0	6213.0	1284.0	5.0
	16.0	17.0	18.0	19.0	20.0	21.0	22.0	23.0	24.0	25.0	26.0	27.0	28.0	29.0	30.0	31.0	32.0	33.0	34.0	35.0	36.0	37.0
Villapol_249_B_1	4.0	58.0	282.0	540.0	649.0	722.0	791.0	893.0	914.0	967.0	1101.0	1147.0	1264.0	1466.0	1674.0	1992.0	2289.0	2843.0	3907.0	6039.0	12016.0	9458.0
	3.0	4.0	5.0	6.0	7.0	8.0	9.0	10.0	11.0	12.0	13.0	14.0	15.0	16.0	17.0	18.0	19.0	20.0	21.0	22.0	23.0	24.0	25.0	26.0	27.0	28.0	29.0	30.0	31.0	32.0	33.0	34.0	35.0	36.0	37.0
Villapol_249_B_2	1.0	4.0	5.0	3.0	0.0	4.0	4.0	3.0	4.0	6.0	9.0	10.0	15.0	73.0	386.0	657.0	778.0	795.0	872.0	954.0	992.0	1167.0	1221.0	1391.0	1616.0	1904.0	2276.0	2979.0	3618.0	4871.0	6358.0	8164.0	7453.0	2407.0	16.0
	16.0	17.0	18.0	19.0	20.0	21.0	22.0	23.0	24.0	25.0	26.0	27.0	28.0	29.0	30.0	31.0	32.0	33.0	34.0	35.0	36.0	37.0
Villapol_250_B_1	5.0	42.0	233.0	506.0	625.0	705.0	774.0	937.0	981.0	1125.0	1187.0	1248.0	1350.0	1539.0	1717.0	2037.0	2374.0	2991.0	3997.0	6355.0	12259.0	8820.0
	3.0	4.0	5.0	6.0	7.0	8.0	9.0	10.0	11.0	12.0	13.0	14.0	15.0	16.0	17.0	18.0	19.0	20.0	21.0	22.0	23.0	24.0	25.0	26.0	27.0	28.0	29.0	30.0	31.0	32.0	33.0	34.0	35.0	36.0	37.0
Villapol_250_B_2	3.0	1.0	3.0	1.0	1.0	1.0	1.0	3.0	3.0	3.0	9.0	8.0	19.0	70.0	305.0	613.0	764.0	833.0	951.0	1025.0	1079.0	1133.0	1274.0	1415.0	1578.0	1923.0	2325.0	2920.0	3704.0	4996.0	6627.0	8254.0	7469.0	2471.0	22.0
	16.0	17.0	18.0	19.0	20.0	21.0	22.0	23.0	24.0	25.0	26.0	27.0	28.0	29.0	30.0	31.0	32.0	33.0	34.0	35.0	36.0	37.0
Villapol_251_B_1	4.0	38.0	243.0	449.0	561.0	611.0	670.0	811.0	900.0	955.0	1058.0	1120.0	1243.0	1371.0	1530.0	1803.0	2114.0	2761.0	3800.0	6102.0	12145.0	9952.0
	3.0	4.0	5.0	6.0	7.0	8.0	9.0	10.0	11.0	12.0	13.0	14.0	15.0	16.0	17.0	18.0	19.0	20.0	21.0	22.0	23.0	24.0	25.0	26.0	27.0	28.0	29.0	30.0	31.0	32.0	33.0	34.0	35.0	36.0	37.0
Villapol_251_B_2	3.0	3.0	2.0	1.0	0.0	0.0	1.0	5.0	5.0	3.0	10.0	11.0	12.0	72.0	315.0	593.0	715.0	781.0	822.0	904.0	1001.0	1040.0	1137.0	1264.0	1413.0	1732.0	2134.0	2666.0	3562.0	4621.0	6307.0	7952.0	8052.0	3088.0	14.0
	14.0	15.0	16.0	17.0	18.0	19.0	20.0	21.0	22.0	23.0	24.0	25.0	26.0	27.0	28.0	29.0	30.0	31.0	32.0	33.0	34.0	35.0	36.0	37.0
Villapol_252_B_1	1.0	0.0	5.0	66.0	311.0	548.0	677.0	695.0	729.0	951.0	988.0	1137.0	1202.0	1217.0	1368.0	1502.0	1678.0	2001.0	2344.0	2989.0	3906.0	6154.0	11503.0	8221.0
	4.0	5.0	6.0	7.0	8.0	9.0	10.0	11.0	12.0	13.0	14.0	15.0	16.0	17.0	18.0	19.0	20.0	21.0	22.0	23.0	24.0	25.0	26.0	27.0	28.0	29.0	30.0	31.0	32.0	33.0	34.0	35.0	36.0	37.0
Villapol_252_B_2	5.0	4.0	4.0	1.0	1.0	2.0	1.0	7.0	4.0	8.0	8.0	22.0	85.0	414.0	830.0	961.0	893.0	996.0	1004.0	1029.0	1211.0	1335.0	1441.0	1664.0	1876.0	2362.0	2882.0	3832.0	4902.0	6442.0	7703.0	6460.0	1799.0	5.0
	16.0	17.0	18.0	19.0	20.0	21.0	22.0	23.0	24.0	25.0	26.0	27.0	28.0	29.0	30.0	31.0	32.0	33.0	34.0	35.0	36.0	37.0
Villapol_253_B_1	6.0	74.0	329.0	659.0	760.0	828.0	942.0	1084.0	1060.0	1196.0	1337.0	1403.0	1615.0	1724.0	1983.0	2301.0	2795.0	3674.0	5039.0	7954.0	15601.0	12329.0
	3.0	4.0	5.0	6.0	7.0	8.0	9.0	10.0	11.0	12.0	13.0	14.0	15.0	16.0	17.0	18.0	19.0	20.0	21.0	22.0	23.0	24.0	25.0	26.0	27.0	28.0	29.0	30.0	31.0	32.0	33.0	34.0	35.0	36.0	37.0
Villapol_253_B_2	5.0	0.0	1.0	2.0	1.0	1.0	0.0	6.0	6.0	5.0	7.0	8.0	19.0	102.0	423.0	817.0	1047.0	1061.0	1144.0	1185.0	1302.0	1388.0	1559.0	1737.0	1914.0	2302.0	2843.0	3632.0	4614.0	6144.0	8124.0	10180.0	9714.0	3376.0	24.0
	13.0	14.0	15.0	16.0	17.0	18.0	19.0	20.0	21.0	22.0	23.0	24.0	25.0	26.0	27.0	28.0	29.0	30.0	31.0	32.0	33.0	34.0	35.0	36.0	37.0
Villapol_254_B_1	1.0	0.0	1.0	3.0	45.0	239.0	437.0	570.0	644.0	777.0	863.0	981.0	1073.0	1175.0	1249.0	1388.0	1492.0	1643.0	1904.0	2317.0	2819.0	3688.0	5562.0	10684.0	7974.0
	3.0	4.0	5.0	6.0	7.0	8.0	9.0	10.0	11.0	12.0	13.0	14.0	15.0	16.0	17.0	18.0	19.0	20.0	21.0	22.0	23.0	24.0	25.0	26.0	27.0	28.0	29.0	30.0	31.0	32.0	33.0	34.0	35.0	36.0	37.0
Villapol_254_B_2	4.0	4.0	3.0	1.0	2.0	4.0	0.0	1.0	7.0	4.0	14.0	9.0	20.0	111.0	435.0	816.0	890.0	986.0	1071.0	1050.0	1092.0	1229.0	1292.0	1463.0	1625.0	1913.0	2427.0	3014.0	3842.0	4792.0	6162.0	7043.0	5075.0	1122.0	6.0
	16.0	17.0	18.0	19.0	20.0	21.0	22.0	23.0	24.0	25.0	26.0	27.0	28.0	29.0	30.0	31.0	32.0	33.0	34.0	35.0	36.0	37.0
Villapol_255_B_1	3.0	75.0	299.0	587.0	681.0	765.0	837.0	963.0	1032.0	1068.0	1242.0	1321.0	1421.0	1578.0	1713.0	2025.0	2369.0	2925.0	3937.0	6022.0	11815.0	8552.0
	3.0	4.0	5.0	6.0	7.0	8.0	9.0	10.0	11.0	12.0	13.0	14.0	15.0	16.0	17.0	18.0	19.0	20.0	21.0	22.0	23.0	24.0	25.0	26.0	27.0	28.0	29.0	30.0	31.0	32.0	33.0	34.0	35.0	36.0	37.0
Villapol_255_B_2	1.0	5.0	2.0	1.0	0.0	1.0	3.0	6.0	2.0	4.0	7.0	7.0	21.0	105.0	382.0	732.0	915.0	934.0	981.0	1043.0	1151.0	1188.0	1334.0	1521.0	1624.0	1923.0	2276.0	2884.0	3843.0	4892.0	6570.0	8135.0	6835.0	1890.0	12.0
	16.0	17.0	18.0	19.0	20.0	21.0	22.0	23.0	24.0	25.0	26.0	27.0	28.0	29.0	30.0	31.0	32.0	33.0	34.0	35.0	36.0	37.0
Villapol_256_B_1	1.0	54.0	208.0	460.0	556.0	636.0	686.0	825.0	862.0	971.0	1044.0	1199.0	1265.0	1306.0	1442.0	1676.0	2030.0	2645.0	3338.0	5245.0	10057.0	7113.0
	3.0	4.0	5.0	6.0	7.0	8.0	9.0	10.0	11.0	12.0	13.0	14.0	15.0	16.0	17.0	18.0	19.0	20.0	21.0	22.0	23.0	24.0	25.0	26.0	27.0	28.0	29.0	30.0	31.0	32.0	33.0	34.0	35.0	36.0	37.0
Villapol_256_B_2	1.0	4.0	3.0	0.0	1.0	2.0	1.0	1.0	4.0	4.0	7.0	7.0	15.0	63.0	336.0	618.0	824.0	857.0	900.0	954.0	1035.0	1090.0	1152.0	1351.0	1464.0	1682.0	2019.0	2628.0	3413.0	4321.0	5604.0	6978.0	5071.0	1200.0	9.0
	14.0	15.0	16.0	17.0	18.0	19.0	20.0	21.0	22.0	23.0	24.0	25.0	26.0	27.0	28.0	29.0	30.0	31.0	32.0	33.0	34.0	35.0	36.0	37.0
Villapol_257_B_1	1.0	0.0	3.0	48.0	236.0	472.0	635.0	701.0	845.0	951.0	1062.0	1183.0	1230.0	1364.0	1457.0	1646.0	1826.0	2143.0	2398.0	2957.0	4043.0	6216.0	11358.0	7885.0
	3.0	4.0	5.0	6.0	7.0	8.0	9.0	10.0	11.0	12.0	13.0	14.0	15.0	16.0	17.0	18.0	19.0	20.0	21.0	22.0	23.0	24.0	25.0	26.0	27.0	28.0	29.0	30.0	31.0	32.0	33.0	34.0	35.0	36.0	37.0
Villapol_257_B_2	1.0	3.0	5.0	1.0	0.0	1.0	1.0	1.0	2.0	6.0	8.0	6.0	23.0	68.0	342.0	790.0	961.0	1022.0	1043.0	1107.0	1196.0	1256.0	1397.0	1586.0	1769.0	2068.0	2564.0	3102.0	4012.0	5282.0	6669.0	7606.0	5557.0	1202.0	3.0
	16.0	17.0	18.0	19.0	20.0	21.0	22.0	23.0	24.0	25.0	26.0	27.0	28.0	29.0	30.0	31.0	32.0	33.0	34.0	35.0	36.0	37.0
Villapol_258_B_1	6.0	70.0	354.0	632.0	709.0	785.0	792.0	925.0	954.0	1084.0	1126.0	1201.0	1288.0	1438.0	1638.0	1872.0	2278.0	2744.0	3795.0	5968.0	10828.0	7305.0
	4.0	5.0	6.0	7.0	8.0	9.0	10.0	11.0	12.0	13.0	14.0	15.0	16.0	17.0	18.0	19.0	20.0	21.0	22.0	23.0	24.0	25.0	26.0	27.0	28.0	29.0	30.0	31.0	32.0	33.0	34.0	35.0	36.0	37.0
Villapol_258_B_2	2.0	5.0	4.0	2.0	3.0	1.0	6.0	5.0	4.0	4.0	10.0	20.0	95.0	411.0	747.0	894.0	950.0	1010.0	1098.0	1098.0	1198.0	1265.0	1337.0	1657.0	1784.0	2208.0	2831.0	3562.0	4662.0	6143.0	7321.0	5967.0	1483.0	5.0
	16.0	17.0	18.0	19.0	20.0	21.0	22.0	23.0	24.0	25.0	26.0	27.0	28.0	29.0	30.0	31.0	32.0	33.0	34.0	35.0	36.0	37.0
Villapol_259_B_1	1.0	46.0	246.0	538.0	656.0	714.0	848.0	1004.0	1060.0	1120.0	1151.0	1295.0	1404.0	1539.0	1678.0	2035.0	2414.0	3101.0	4170.0	6625.0	12339.0	8921.0
	3.0	4.0	5.0	6.0	7.0	8.0	9.0	10.0	11.0	12.0	13.0	14.0	15.0	16.0	17.0	18.0	19.0	20.0	21.0	22.0	23.0	24.0	25.0	26.0	27.0	28.0	29.0	30.0	31.0	32.0	33.0	34.0	35.0	36.0	37.0
Villapol_259_B_2	3.0	1.0	2.0	3.0	0.0	3.0	2.0	7.0	6.0	3.0	11.0	6.0	27.0	94.0	365.0	737.0	917.0	1018.0	1139.0	1136.0	1160.0	1349.0	1454.0	1620.0	1798.0	1967.0	2439.0	3115.0	4018.0	5271.0	6940.0	8251.0	6563.0	1478.0	2.0
	16.0	17.0	18.0	19.0	20.0	21.0	22.0	23.0	24.0	25.0	26.0	27.0	28.0	29.0	30.0	31.0	32.0	33.0	34.0	35.0	36.0	37.0
Villapol_260_B_1	4.0	52.0	288.0	546.0	631.0	779.0	791.0	974.0	1070.0	1091.0	1297.0	1244.0	1469.0	1588.0	1799.0	2007.0	2501.0	3111.0	4317.0	6699.0	12303.0	8038.0
	4.0	5.0	6.0	7.0	8.0	9.0	10.0	11.0	12.0	13.0	14.0	15.0	16.0	17.0	18.0	19.0	20.0	21.0	22.0	23.0	24.0	25.0	26.0	27.0	28.0	29.0	30.0	31.0	32.0	33.0	34.0	35.0	36.0	37.0
Villapol_260_B_2	5.0	3.0	1.0	2.0	1.0	0.0	5.0	1.0	4.0	7.0	11.0	26.0	113.0	450.0	867.0	1086.0	1097.0	1204.0	1163.0	1301.0	1318.0	1497.0	1641.0	1865.0	2136.0	2646.0	3281.0	4196.0	5447.0	7032.0	7791.0	5373.0	1022.0	7.0
	16.0	17.0	18.0	19.0	20.0	21.0	22.0	23.0	24.0	25.0	26.0	27.0	28.0	29.0	30.0	31.0	32.0	33.0	34.0	35.0	36.0	37.0
Villapol_261_B_1	8.0	52.0	341.0	684.0	829.0	903.0	1050.0	1142.0	1252.0	1298.0	1464.0	1467.0	1753.0	1904.0	2161.0	2514.0	3001.0	3694.0	5190.0	7968.0	14654.0	10517.0
	3.0	4.0	5.0	6.0	7.0	8.0	9.0	10.0	11.0	12.0	13.0	14.0	15.0	16.0	17.0	18.0	19.0	20.0	21.0	22.0	23.0	24.0	25.0	26.0	27.0	28.0	29.0	30.0	31.0	32.0	33.0	34.0	35.0	36.0	37.0
Villapol_261_B_2	2.0	2.0	5.0	4.0	2.0	0.0	3.0	3.0	2.0	3.0	11.0	6.0	29.0	110.0	482.0	900.0	1079.0	1189.0	1324.0	1316.0	1424.0	1593.0	1716.0	1928.0	2249.0	2468.0	2937.0	3801.0	4786.0	6115.0	8334.0	10068.0	7981.0	1961.0	13.0
	17.0	18.0	19.0	20.0	21.0	22.0	23.0	24.0	25.0	26.0	27.0	28.0	29.0	30.0	31.0	32.0	33.0	34.0	35.0	36.0	37.0
Villapol_262_B_1	54.0	309.0	532.0	687.0	689.0	748.0	868.0	898.0	976.0	1079.0	1125.0	1158.0	1261.0	1432.0	1720.0	2044.0	2615.0	3550.0	5621.0	10516.0	7319.0
	3.0	4.0	5.0	6.0	7.0	8.0	9.0	10.0	11.0	12.0	13.0	14.0	15.0	16.0	17.0	18.0	19.0	20.0	21.0	22.0	23.0	24.0	25.0	26.0	27.0	28.0	29.0	30.0	31.0	32.0	33.0	34.0	35.0	36.0	37.0
Villapol_262_B_2	2.0	3.0	4.0	0.0	3.0	2.0	3.0	3.0	1.0	4.0	8.0	9.0	27.0	143.0	604.0	997.0	1108.0	1061.0	1093.0	1076.0	1118.0	1186.0	1270.0	1399.0	1604.0	1856.0	2256.0	2784.0	3549.0	4605.0	5924.0	6515.0	4281.0	701.0	2.0
	16.0	17.0	18.0	19.0	20.0	21.0	22.0	23.0	24.0	25.0	26.0	27.0	28.0	29.0	30.0	31.0	32.0	33.0	34.0	35.0	36.0	37.0
Villapol_263_B_1	2.0	22.0	143.0	359.0	471.0	532.0	638.0	777.0	820.0	924.0	1013.0	1032.0	1167.0	1263.0	1407.0	1712.0	1974.0	2558.0	3492.0	5535.0	10524.0	7829.0
	3.0	4.0	5.0	6.0	7.0	8.0	9.0	10.0	11.0	12.0	13.0	14.0	15.0	16.0	17.0	18.0	19.0	20.0	21.0	22.0	23.0	24.0	25.0	26.0	27.0	28.0	29.0	30.0	31.0	32.0	33.0	34.0	35.0	36.0	37.0
Villapol_263_B_2	4.0	3.0	1.0	1.0	1.0	3.0	2.0	3.0	3.0	3.0	3.0	12.0	17.0	54.0	325.0	557.0	673.0	806.0	853.0	907.0	1039.0	1121.0	1205.0	1351.0	1489.0	1726.0	2052.0	2483.0	3244.0	4319.0	5757.0	7091.0	5734.0	1345.0	7.0
	16.0	17.0	18.0	19.0	20.0	21.0	22.0	23.0	24.0	25.0	26.0	27.0	28.0	29.0	30.0	31.0	32.0	33.0	34.0	35.0	36.0	37.0
Villapol_264_B_1	6.0	56.0	317.0	651.0	698.0	815.0	885.0	946.0	1053.0	1167.0	1243.0	1330.0	1392.0	1540.0	1697.0	1926.0	2442.0	3062.0	4101.0	6480.0	12576.0	8786.0
	3.0	4.0	5.0	6.0	7.0	8.0	9.0	10.0	11.0	12.0	13.0	14.0	15.0	16.0	17.0	18.0	19.0	20.0	21.0	22.0	23.0	24.0	25.0	26.0	27.0	28.0	29.0	30.0	31.0	32.0	33.0	34.0	35.0	36.0	37.0
Villapol_264_B_2	4.0	4.0	4.0	3.0	0.0	2.0	0.0	1.0	5.0	5.0	5.0	7.0	22.0	114.0	489.0	893.0	1070.0	1040.0	1099.0	1165.0	1162.0	1404.0	1444.0	1569.0	1770.0	2003.0	2562.0	3195.0	3991.0	5318.0	6862.0	8345.0	6244.0	1363.0	5.0
	17.0	18.0	19.0	20.0	21.0	22.0	23.0	24.0	25.0	26.0	27.0	28.0	29.0	30.0	31.0	32.0	33.0	34.0	35.0	36.0	37.0
Villapol_265_B_1	43.0	308.0	644.0	746.0	782.0	844.0	925.0	1013.0	1072.0	1188.0	1259.0	1347.0	1535.0	1750.0	1988.0	2470.0	3072.0	4369.0	6729.0	13429.0	9965.0
	3.0	4.0	5.0	6.0	7.0	8.0	9.0	10.0	11.0	12.0	13.0	14.0	15.0	16.0	17.0	18.0	19.0	20.0	21.0	22.0	23.0	24.0	25.0	26.0	27.0	28.0	29.0	30.0	31.0	32.0	33.0	34.0	35.0	36.0	37.0
Villapol_265_B_2	1.0	3.0	2.0	0.0	1.0	2.0	6.0	1.0	6.0	2.0	11.0	10.0	25.0	123.0	436.0	763.0	950.0	1000.0	1092.0	1149.0	1195.0	1369.0	1417.0	1564.0	1824.0	2020.0	2512.0	3145.0	3845.0	5358.0	7010.0	8855.0	7603.0	2156.0	22.0
	16.0	17.0	18.0	19.0	20.0	21.0	22.0	23.0	24.0	25.0	26.0	27.0	28.0	29.0	30.0	31.0	32.0	33.0	34.0	35.0	36.0	37.0
Villapol_266_B_1	1.0	29.0	192.0	423.0	526.0	547.0	590.0	691.0	771.0	841.0	828.0	927.0	987.0	1068.0	1201.0	1503.0	1695.0	2165.0	3003.0	4814.0	8803.0	5761.0
	3.0	4.0	5.0	6.0	7.0	8.0	9.0	10.0	11.0	12.0	13.0	14.0	15.0	16.0	17.0	18.0	19.0	20.0	21.0	22.0	23.0	24.0	25.0	26.0	27.0	28.0	29.0	30.0	31.0	32.0	33.0	34.0	35.0	36.0	37.0
Villapol_266_B_2	2.0	1.0	2.0	0.0	1.0	2.0	3.0	2.0	4.0	2.0	5.0	8.0	18.0	91.0	377.0	724.0	826.0	829.0	849.0	922.0	909.0	981.0	1110.0	1185.0	1372.0	1589.0	1949.0	2345.0	3018.0	3873.0	4835.0	5307.0	3624.0	596.0	5.0
	16.0	17.0	18.0	19.0	20.0	21.0	22.0	23.0	24.0	25.0	26.0	27.0	28.0	29.0	30.0	31.0	32.0	33.0	34.0	35.0	36.0	37.0
Villapol_267_B_1	3.0	41.0	312.0	600.0	667.0	707.0	782.0	858.0	965.0	1057.0	1029.0	1159.0	1266.0	1363.0	1620.0	1868.0	2216.0	2841.0	3994.0	6159.0	12389.0	9970.0
	4.0	5.0	6.0	7.0	8.0	9.0	10.0	11.0	12.0	13.0	14.0	15.0	16.0	17.0	18.0	19.0	20.0	21.0	22.0	23.0	24.0	25.0	26.0	27.0	28.0	29.0	30.0	31.0	32.0	33.0	34.0	35.0	36.0	37.0
Villapol_267_B_2	6.0	5.0	2.0	2.0	0.0	3.0	6.0	8.0	1.0	6.0	7.0	21.0	112.0	459.0	800.0	962.0	1018.0	1036.0	1142.0	1073.0	1198.0	1318.0	1509.0	1657.0	1968.0	2352.0	2851.0	3837.0	4961.0	6568.0	8023.0	7020.0	1917.0	18.0
	16.0	17.0	18.0	19.0	20.0	21.0	22.0	23.0	24.0	25.0	26.0	27.0	28.0	29.0	30.0	31.0	32.0	33.0	34.0	35.0	36.0	37.0
Villapol_268_B_1	3.0	35.0	162.0	332.0	448.0	515.0	572.0	648.0	682.0	773.0	785.0	815.0	990.0	1034.0	1174.0	1341.0	1608.0	1962.0	2824.0	4582.0	8634.0	5500.0
	3.0	4.0	5.0	6.0	7.0	8.0	9.0	10.0	11.0	12.0	13.0	14.0	15.0	16.0	17.0	18.0	19.0	20.0	21.0	22.0	23.0	24.0	25.0	26.0	27.0	28.0	29.0	30.0	31.0	32.0	33.0	34.0	35.0	36.0	37.0
Villapol_268_B_2	2.0	3.0	2.0	1.0	1.0	2.0	1.0	3.0	2.0	2.0	9.0	6.0	18.0	88.0	274.0	543.0	680.0	698.0	751.0	766.0	828.0	896.0	954.0	1072.0	1169.0	1481.0	1747.0	2044.0	2800.0	3576.0	4596.0	5366.0	4166.0	871.0	1.0
	16.0	17.0	18.0	19.0	20.0	21.0	22.0	23.0	24.0	25.0	26.0	27.0	28.0	29.0	30.0	31.0	32.0	33.0	34.0	35.0	36.0	37.0
Villapol_269_B_1	3.0	58.0	376.0	849.0	1048.0	1149.0	1231.0	1301.0	1455.0	1575.0	1730.0	1859.0	1916.0	2079.0	2431.0	2763.0	3478.0	4416.0	5810.0	9129.0	17666.0	13217.0
	3.0	4.0	5.0	6.0	7.0	8.0	9.0	10.0	11.0	12.0	13.0	14.0	15.0	16.0	17.0	18.0	19.0	20.0	21.0	22.0	23.0	24.0	25.0	26.0	27.0	28.0	29.0	30.0	31.0	32.0	33.0	34.0	35.0	36.0	37.0
Villapol_269_B_2	6.0	6.0	9.0	2.0	3.0	1.0	4.0	4.0	7.0	6.0	5.0	18.0	35.0	173.0	641.0	1155.0	1550.0	1568.0	1575.0	1654.0	1745.0	1946.0	2039.0	2248.0	2573.0	3051.0	3638.0	4408.0	5781.0	7418.0	9821.0	11513.0	8947.0	1978.0	11.0
	15.0	16.0	17.0	18.0	19.0	20.0	21.0	22.0	23.0	24.0	25.0	26.0	27.0	28.0	29.0	30.0	31.0	32.0	33.0	34.0	35.0	36.0	37.0
Villapol_270_B_1	1.0	2.0	54.0	251.0	516.0	645.0	749.0	849.0	932.0	1036.0	1086.0	1193.0	1257.0	1389.0	1480.0	1819.0	2030.0	2366.0	3019.0	4186.0	6646.0	12531.0	9111.0
	3.0	4.0	5.0	6.0	7.0	8.0	9.0	10.0	11.0	12.0	13.0	14.0	15.0	16.0	17.0	18.0	19.0	20.0	21.0	22.0	23.0	24.0	25.0	26.0	27.0	28.0	29.0	30.0	31.0	32.0	33.0	34.0	35.0	36.0	37.0
Villapol_270_B_2	2.0	3.0	2.0	0.0	2.0	1.0	0.0	5.0	3.0	6.0	7.0	9.0	24.0	163.0	497.0	799.0	990.0	1031.0	1169.0	1180.0	1246.0	1361.0	1444.0	1524.0	1757.0	2112.0	2620.0	3298.0	4116.0	5208.0	6940.0	8064.0	6252.0	1306.0	7.0
	16.0	17.0	18.0	19.0	20.0	21.0	22.0	23.0	24.0	25.0	26.0	27.0	28.0	29.0	30.0	31.0	32.0	33.0	34.0	35.0	36.0	37.0
Villapol_271_B_1	1.0	43.0	206.0	449.0	593.0	555.0	640.0	679.0	775.0	845.0	862.0	1018.0	1069.0	1120.0	1341.0	1429.0	1829.0	2369.0	3289.0	4796.0	9418.0	6226.0
	3.0	4.0	5.0	6.0	7.0	8.0	9.0	10.0	11.0	12.0	13.0	14.0	15.0	16.0	17.0	18.0	19.0	20.0	21.0	22.0	23.0	24.0	25.0	26.0	27.0	28.0	29.0	30.0	31.0	32.0	33.0	34.0	35.0	36.0	37.0
Villapol_271_B_2	2.0	4.0	3.0	0.0	1.0	0.0	1.0	2.0	0.0	1.0	15.0	5.0	22.0	91.0	353.0	581.0	753.0	820.0	841.0	826.0	946.0	1038.0	1111.0	1214.0	1388.0	1522.0	1828.0	2370.0	3122.0	3947.0	5148.0	5958.0	4645.0	992.0	2.0
	16.0	17.0	18.0	19.0	20.0	21.0	22.0	23.0	24.0	25.0	26.0	27.0	28.0	29.0	30.0	31.0	32.0	33.0	34.0	35.0	36.0	37.0
Villapol_272_B_1	5.0	53.0	285.0	568.0	647.0	674.0	744.0	806.0	812.0	934.0	964.0	1042.0	1168.0	1285.0	1446.0	1695.0	2034.0	2597.0	3546.0	5604.0	11026.0	8250.0
	3.0	4.0	5.0	6.0	7.0	8.0	9.0	10.0	11.0	12.0	13.0	14.0	15.0	16.0	17.0	18.0	19.0	20.0	21.0	22.0	23.0	24.0	25.0	26.0	27.0	28.0	29.0	30.0	31.0	32.0	33.0	34.0	35.0	36.0	37.0
Villapol_272_B_2	1.0	3.0	1.0	0.0	1.0	1.0	3.0	1.0	3.0	4.0	7.0	11.0	19.0	98.0	401.0	703.0	756.0	831.0	878.0	923.0	923.0	1049.0	1222.0	1319.0	1479.0	1737.0	2064.0	2625.0	3363.0	4287.0	5676.0	7097.0	6601.0	2082.0	16.0
	16.0	17.0	18.0	19.0	20.0	21.0	22.0	23.0	24.0	25.0	26.0	27.0	28.0	29.0	30.0	31.0	32.0	33.0	34.0	35.0	36.0	37.0
Villapol_273_B_1	4.0	59.0	313.0	633.0	797.0	879.0	936.0	984.0	1100.0	1135.0	1227.0	1343.0	1445.0	1537.0	1780.0	2059.0	2520.0	3192.0	4440.0	6814.0	12878.0	9017.0
	3.0	4.0	5.0	6.0	7.0	8.0	9.0	10.0	11.0	12.0	13.0	14.0	15.0	16.0	17.0	18.0	19.0	20.0	21.0	22.0	23.0	24.0	25.0	26.0	27.0	28.0	29.0	30.0	31.0	32.0	33.0	34.0	35.0	36.0	37.0
Villapol_273_B_2	1.0	9.0	2.0	0.0	2.0	0.0	2.0	3.0	2.0	3.0	14.0	15.0	17.0	121.0	500.0	776.0	1016.0	1031.0	1136.0	1193.0	1209.0	1304.0	1416.0	1674.0	1768.0	2095.0	2522.0	3217.0	4091.0	5451.0	6948.0	8705.0	7074.0	1765.0	10.0
	16.0	17.0	18.0	19.0	20.0	21.0	22.0	23.0	24.0	25.0	26.0	27.0	28.0	29.0	30.0	31.0	32.0	33.0	34.0	35.0	36.0	37.0
Villapol_274_B_1	4.0	70.0	323.0	648.0	756.0	832.0	850.0	989.0	1058.0	1135.0	1203.0	1256.0	1413.0	1485.0	1716.0	2051.0	2409.0	3108.0	4239.0	6614.0	12658.0	9047.0
	3.0	4.0	5.0	6.0	7.0	8.0	9.0	10.0	11.0	12.0	13.0	14.0	15.0	16.0	17.0	18.0	19.0	20.0	21.0	22.0	23.0	24.0	25.0	26.0	27.0	28.0	29.0	30.0	31.0	32.0	33.0	34.0	35.0	36.0	37.0
Villapol_274_B_2	3.0	7.0	0.0	1.0	0.0	2.0	4.0	3.0	4.0	8.0	8.0	8.0	12.0	91.0	361.0	795.0	854.0	984.0	1029.0	1105.0	1086.0	1217.0	1366.0	1440.0	1725.0	1966.0	2491.0	3145.0	3863.0	5250.0	6855.0	8318.0	7530.0	2316.0	17.0
	16.0	17.0	18.0	19.0	20.0	21.0	22.0	23.0	24.0	25.0	26.0	27.0	28.0	29.0	30.0	31.0	32.0	33.0	34.0	35.0	36.0	37.0
Villapol_275_B_1	2.0	88.0	362.0	715.0	857.0	952.0	1019.0	1182.0	1242.0	1404.0	1440.0	1599.0	1687.0	2009.0	2190.0	2472.0	3142.0	3977.0	5286.0	8515.0	15698.0	11015.0
	3.0	4.0	5.0	6.0	7.0	8.0	9.0	10.0	11.0	12.0	13.0	14.0	15.0	16.0	17.0	18.0	19.0	20.0	21.0	22.0	23.0	24.0	25.0	26.0	27.0	28.0	29.0	30.0	31.0	32.0	33.0	34.0	35.0	36.0	37.0
Villapol_275_B_2	3.0	8.0	3.0	4.0	3.0	2.0	4.0	6.0	0.0	4.0	14.0	13.0	18.0	110.0	477.0	958.0	1049.0	1133.0	1267.0	1279.0	1362.0	1521.0	1686.0	1779.0	2123.0	2471.0	2964.0	3685.0	4817.0	6455.0	8442.0	10473.0	9569.0	3125.0	26.0
	16.0	17.0	18.0	19.0	20.0	21.0	22.0	23.0	24.0	25.0	26.0	27.0	28.0	29.0	30.0	31.0	32.0	33.0	34.0	35.0	36.0	37.0
Villapol_276_B_1	6.0	74.0	462.0	854.0	1037.0	1022.0	1120.0	1190.0	1299.0	1376.0	1482.0	1551.0	1677.0	1896.0	2129.0	2539.0	3041.0	3945.0	5570.0	8572.0	16244.0	11018.0
	3.0	4.0	5.0	6.0	7.0	8.0	9.0	10.0	11.0	12.0	13.0	14.0	15.0	16.0	17.0	18.0	19.0	20.0	21.0	22.0	23.0	24.0	25.0	26.0	27.0	28.0	29.0	30.0	31.0	32.0	33.0	34.0	35.0	36.0	37.0
Villapol_276_B_2	4.0	4.0	6.0	1.0	2.0	2.0	2.0	5.0	5.0	7.0	15.0	9.0	27.0	89.0	537.0	1049.0	1236.0	1245.0	1293.0	1402.0	1437.0	1558.0	1702.0	1836.0	2208.0	2532.0	3122.0	3935.0	5009.0	6612.0	8635.0	10743.0	9106.0	2716.0	13.0
	16.0	17.0	18.0	19.0	20.0	21.0	22.0	23.0	24.0	25.0	26.0	27.0	28.0	29.0	30.0	31.0	32.0	33.0	34.0	35.0	36.0	37.0
Villapol_277_B_1	4.0	54.0	298.0	574.0	782.0	930.0	986.0	1139.0	1164.0	1355.0	1470.0	1531.0	1747.0	2013.0	2141.0	2506.0	3085.0	3799.0	5177.0	7973.0	14988.0	10120.0
	3.0	4.0	5.0	6.0	7.0	8.0	9.0	10.0	11.0	12.0	13.0	14.0	15.0	16.0	17.0	18.0	19.0	20.0	21.0	22.0	23.0	24.0	25.0	26.0	27.0	28.0	29.0	30.0	31.0	32.0	33.0	34.0	35.0	36.0	37.0
Villapol_277_B_2	2.0	4.0	5.0	3.0	2.0	2.0	10.0	5.0	5.0	11.0	14.0	11.0	23.0	96.0	363.0	812.0	965.0	1052.0	1202.0	1281.0	1312.0	1469.0	1622.0	1749.0	2068.0	2445.0	2893.0	3638.0	4746.0	6187.0	8107.0	9978.0	9013.0	2717.0	24.0
	16.0	17.0	18.0	19.0	20.0	21.0	22.0	23.0	24.0	25.0	26.0	27.0	28.0	29.0	30.0	31.0	32.0	33.0	34.0	35.0	36.0	37.0
Villapol_278_B_1	7.0	83.0	464.0	784.0	951.0	994.0	1077.0	1245.0	1311.0	1413.0	1443.0	1566.0	1728.0	1907.0	2212.0	2490.0	2946.0	3856.0	5153.0	8025.0	15520.0	11290.0
	3.0	4.0	5.0	6.0	7.0	8.0	9.0	10.0	11.0	12.0	13.0	14.0	15.0	16.0	17.0	18.0	19.0	20.0	21.0	22.0	23.0	24.0	25.0	26.0	27.0	28.0	29.0	30.0	31.0	32.0	33.0	34.0	35.0	36.0	37.0
Villapol_278_B_2	1.0	5.0	5.0	3.0	4.0	0.0	3.0	5.0	11.0	4.0	7.0	21.0	18.0	84.0	453.0	985.0	1087.0	1157.0	1091.0	1216.0	1379.0	1443.0	1662.0	1792.0	2020.0	2497.0	2958.0	3797.0	4773.0	6289.0	8315.0	10229.0	9774.0	3341.0	36.0
	16.0	17.0	18.0	19.0	20.0	21.0	22.0	23.0	24.0	25.0	26.0	27.0	28.0	29.0	30.0	31.0	32.0	33.0	34.0	35.0	36.0	37.0
Villapol_279_B_1	2.0	50.0	233.0	371.0	422.0	528.0	576.0	628.0	676.0	707.0	781.0	807.0	917.0	980.0	1102.0	1321.0	1557.0	1949.0	2782.0	4251.0	7720.0	5290.0
	3.0	4.0	5.0	6.0	7.0	8.0	9.0	10.0	11.0	12.0	13.0	14.0	15.0	16.0	17.0	18.0	19.0	20.0	21.0	22.0	23.0	24.0	25.0	26.0	27.0	28.0	29.0	30.0	31.0	32.0	33.0	34.0	35.0	36.0	37.0
Villapol_279_B_2	3.0	4.0	5.0	2.0	2.0	0.0	2.0	0.0	2.0	7.0	1.0	3.0	10.0	73.0	279.0	466.0	597.0	610.0	611.0	703.0	780.0	821.0	925.0	972.0	1135.0	1282.0	1558.0	2010.0	2598.0	3404.0	4175.0	5499.0	4172.0	937.0	2.0
	16.0	17.0	18.0	19.0	20.0	21.0	22.0	23.0	24.0	25.0	26.0	27.0	28.0	29.0	30.0	31.0	32.0	33.0	34.0	35.0	36.0	37.0
Villapol_280_B_1	4.0	28.0	153.0	324.0	408.0	531.0	621.0	752.0	846.0	922.0	1069.0	1232.0	1393.0	1429.0	1808.0	2034.0	2469.0	3184.0	4477.0	6935.0	12923.0	8463.0
	3.0	4.0	5.0	6.0	7.0	8.0	9.0	10.0	11.0	12.0	13.0	14.0	15.0	16.0	17.0	18.0	19.0	20.0	21.0	22.0	23.0	24.0	25.0	26.0	27.0	28.0	29.0	30.0	31.0	32.0	33.0	34.0	35.0	36.0	37.0
Villapol_280_B_2	4.0	1.0	7.0	1.0	1.0	1.0	2.0	2.0	5.0	3.0	10.0	14.0	21.0	66.0	226.0	443.0	626.0	709.0	843.0	915.0	1037.0	1203.0	1324.0	1484.0	1813.0	2055.0	2523.0	3163.0	4051.0	5302.0	7089.0	8444.0	6922.0	1690.0	5.0
	16.0	17.0	18.0	19.0	20.0	21.0	22.0	23.0	24.0	25.0	26.0	27.0	28.0	29.0	30.0	31.0	32.0	33.0	34.0	35.0	36.0	37.0
Villapol_281_B_1	3.0	77.0	483.0	903.0	964.0	1010.0	1144.0	1255.0	1309.0	1421.0	1508.0	1561.0	1697.0	1830.0	2089.0	2570.0	2906.0	3721.0	5289.0	8064.0	15261.0	10279.0
	3.0	4.0	5.0	6.0	7.0	8.0	9.0	10.0	11.0	12.0	13.0	14.0	15.0	16.0	17.0	18.0	19.0	20.0	21.0	22.0	23.0	24.0	25.0	26.0	27.0	28.0	29.0	30.0	31.0	32.0	33.0	34.0	35.0	36.0	37.0
Villapol_281_B_2	1.0	7.0	4.0	5.0	2.0	1.0	6.0	5.0	2.0	9.0	16.0	19.0	36.0	148.0	588.0	1102.0	1327.0	1270.0	1388.0	1374.0	1532.0	1589.0	1735.0	1928.0	2191.0	2618.0	3108.0	3844.0	4899.0	6500.0	8511.0	10203.0	7766.0	1602.0	8.0
	16.0	17.0	18.0	19.0	20.0	21.0	22.0	23.0	24.0	25.0	26.0	27.0	28.0	29.0	30.0	31.0	32.0	33.0	34.0	35.0	36.0	37.0
Villapol_282_B_1	3.0	48.0	233.0	437.0	585.0	650.0	749.0	832.0	855.0	974.0	1129.0	1206.0	1224.0	1345.0	1550.0	1777.0	2171.0	2680.0	3720.0	5952.0	11269.0	8080.0
	3.0	4.0	5.0	6.0	7.0	8.0	9.0	10.0	11.0	12.0	13.0	14.0	15.0	16.0	17.0	18.0	19.0	20.0	21.0	22.0	23.0	24.0	25.0	26.0	27.0	28.0	29.0	30.0	31.0	32.0	33.0	34.0	35.0	36.0	37.0
Villapol_282_B_2	4.0	3.0	3.0	1.0	3.0	6.0	2.0	2.0	1.0	5.0	7.0	10.0	23.0	100.0	357.0	652.0	870.0	858.0	946.0	989.0	1051.0	1159.0	1270.0	1389.0	1626.0	1815.0	2337.0	2904.0	3714.0	4698.0	6040.0	7454.0	5838.0	1326.0	6.0
	16.0	17.0	18.0	19.0	20.0	21.0	22.0	23.0	24.0	25.0	26.0	27.0	28.0	29.0	30.0	31.0	32.0	33.0	34.0	35.0	36.0	37.0
Villapol_283_B_1	2.0	55.0	270.0	515.0	681.0	803.0	907.0	994.0	1096.0	1203.0	1329.0	1449.0	1488.0	1649.0	1988.0	2184.0	2631.0	3518.0	4889.0	7588.0	14393.0	9799.0
	3.0	4.0	5.0	6.0	7.0	8.0	9.0	10.0	11.0	12.0	13.0	14.0	15.0	16.0	17.0	18.0	19.0	20.0	21.0	22.0	23.0	24.0	25.0	26.0	27.0	28.0	29.0	30.0	31.0	32.0	33.0	34.0	35.0	36.0	37.0
Villapol_283_B_2	4.0	5.0	6.0	4.0	3.0	1.0	2.0	2.0	5.0	12.0	25.0	47.0	68.0	167.0	456.0	855.0	1029.0	1108.0	1110.0	1291.0	1347.0	1550.0	1540.0	1784.0	1976.0	2294.0	2901.0	3572.0	4645.0	6018.0	7640.0	9111.0	7192.0	1649.0	12.0
	16.0	17.0	18.0	19.0	20.0	21.0	22.0	23.0	24.0	25.0	26.0	27.0	28.0	29.0	30.0	31.0	32.0	33.0	34.0	35.0	36.0	37.0
Villapol_284_B_1	5.0	57.0	325.0	654.0	845.0	905.0	1056.0	1141.0	1228.0	1347.0	1389.0	1458.0	1598.0	1806.0	2113.0	2360.0	2773.0	3552.0	4834.0	7443.0	13489.0	9168.0
	3.0	4.0	5.0	6.0	7.0	8.0	9.0	10.0	11.0	12.0	13.0	14.0	15.0	16.0	17.0	18.0	19.0	20.0	21.0	22.0	23.0	24.0	25.0	26.0	27.0	28.0	29.0	30.0	31.0	32.0	33.0	34.0	35.0	36.0	37.0
Villapol_284_B_2	2.0	3.0	2.0	2.0	2.0	5.0	2.0	3.0	4.0	4.0	10.0	7.0	21.0	105.0	369.0	718.0	982.0	1052.0	1191.0	1234.0	1340.0	1362.0	1590.0	1761.0	2044.0	2407.0	2873.0	3628.0	4586.0	6142.0	7844.0	9370.0	7179.0	1688.0	14.0
	16.0	17.0	18.0	19.0	20.0	21.0	22.0	23.0	24.0	25.0	26.0	27.0	28.0	29.0	30.0	31.0	32.0	33.0	34.0	35.0	36.0	37.0
Villapol_285_B_1	3.0	47.0	271.0	531.0	716.0	845.0	998.0	1063.0	1174.0	1322.0	1450.0	1493.0	1685.0	1887.0	2090.0	2338.0	2871.0	3644.0	4914.0	7460.0	13959.0	9358.0
	3.0	4.0	5.0	6.0	7.0	8.0	9.0	10.0	11.0	12.0	13.0	14.0	15.0	16.0	17.0	18.0	19.0	20.0	21.0	22.0	23.0	24.0	25.0	26.0	27.0	28.0	29.0	30.0	31.0	32.0	33.0	34.0	35.0	36.0	37.0
Villapol_285_B_2	2.0	4.0	5.0	5.0	2.0	2.0	3.0	4.0	3.0	3.0	9.0	12.0	23.0	110.0	387.0	759.0	996.0	1100.0	1176.0	1318.0	1350.0	1529.0	1647.0	1879.0	2130.0	2442.0	3003.0	3849.0	4862.0	6192.0	8052.0	9296.0	6641.0	1321.0	3.0
	16.0	17.0	18.0	19.0	20.0	21.0	22.0	23.0	24.0	25.0	26.0	27.0	28.0	29.0	30.0	31.0	32.0	33.0	34.0	35.0	36.0	37.0
Villapol_286_B_1	5.0	65.0	397.0	669.0	839.0	857.0	962.0	1048.0	1134.0	1198.0	1330.0	1409.0	1586.0	1731.0	1979.0	2229.0	2746.0	3430.0	4488.0	6897.0	12751.0	8458.0
	3.0	4.0	5.0	6.0	7.0	8.0	9.0	10.0	11.0	12.0	13.0	14.0	15.0	16.0	17.0	18.0	19.0	20.0	21.0	22.0	23.0	24.0	25.0	26.0	27.0	28.0	29.0	30.0	31.0	32.0	33.0	34.0	35.0	36.0	37.0
Villapol_286_B_2	1.0	3.0	3.0	2.0	2.0	0.0	0.0	6.0	3.0	4.0	12.0	11.0	21.0	143.0	479.0	888.0	1114.0	1127.0	1170.0	1215.0	1299.0	1368.0	1510.0	1707.0	1937.0	2269.0	2763.0	3397.0	4446.0	5650.0	7221.0	8415.0	6490.0	1527.0	5.0
	15.0	16.0	17.0	18.0	19.0	20.0	21.0	22.0	23.0	24.0	25.0	26.0	27.0	28.0	29.0	30.0	31.0	32.0	33.0	34.0	35.0	36.0	37.0
Villapol_287_B_1	2.0	8.0	116.0	651.0	1271.0	1393.0	1503.0	1637.0	1810.0	1842.0	2034.0	2291.0	2426.0	2613.0	2855.0	3342.0	3706.0	4545.0	5648.0	7476.0	11678.0	22072.0	16320.0
	3.0	4.0	5.0	6.0	7.0	8.0	9.0	10.0	11.0	12.0	13.0	14.0	15.0	16.0	17.0	18.0	19.0	20.0	21.0	22.0	23.0	24.0	25.0	26.0	27.0	28.0	29.0	30.0	31.0	32.0	33.0	34.0	35.0	36.0	37.0
Villapol_287_B_2	6.0	11.0	9.0	8.0	3.0	3.0	4.0	5.0	3.0	11.0	16.0	18.0	49.0	191.0	796.0	1446.0	1803.0	1781.0	1902.0	2023.0	2195.0	2347.0	2539.0	2812.0	3226.0	3762.0	4636.0	5754.0	7307.0	9903.0	12268.0	14977.0	12126.0	3281.0	18.0
	16.0	17.0	18.0	19.0	20.0	21.0	22.0	23.0	24.0	25.0	26.0	27.0	28.0	29.0	30.0	31.0	32.0	33.0	34.0	35.0	36.0	37.0
Villapol_288_B_1	2.0	87.0	360.0	860.0	905.0	1045.0	1022.0	1192.0	1229.0	1388.0	1462.0	1538.0	1728.0	1891.0	2005.0	2420.0	2853.0	3571.0	4718.0	7505.0	13222.0	8076.0
	3.0	4.0	5.0	6.0	7.0	8.0	9.0	10.0	11.0	12.0	13.0	14.0	15.0	16.0	17.0	18.0	19.0	20.0	21.0	22.0	23.0	24.0	25.0	26.0	27.0	28.0	29.0	30.0	31.0	32.0	33.0	34.0	35.0	36.0	37.0
Villapol_288_B_2	1.0	3.0	4.0	0.0	1.0	3.0	4.0	6.0	3.0	8.0	8.0	5.0	20.0	98.0	455.0	949.0	1172.0	1227.0	1305.0	1300.0	1420.0	1584.0	1638.0	1800.0	2111.0	2390.0	2917.0	3700.0	4551.0	6013.0	7728.0	8977.0	6460.0	1214.0	4.0
	15.0	16.0	17.0	18.0	19.0	20.0	21.0	22.0	23.0	24.0	25.0	26.0	27.0	28.0	29.0	30.0	31.0	32.0	33.0	34.0	35.0	36.0	37.0
Villapol_289_B_1	1.0	6.0	71.0	438.0	762.0	797.0	908.0	931.0	1025.0	1062.0	1153.0	1205.0	1357.0	1457.0	1619.0	1769.0	2095.0	2485.0	3200.0	4345.0	6493.0	12787.0	9712.0
	3.0	4.0	5.0	6.0	7.0	8.0	9.0	10.0	11.0	12.0	13.0	14.0	15.0	16.0	17.0	18.0	19.0	20.0	21.0	22.0	23.0	24.0	25.0	26.0	27.0	28.0	29.0	30.0	31.0	32.0	33.0	34.0	35.0	36.0	37.0
Villapol_289_B_2	2.0	4.0	6.0	1.0	0.0	7.0	2.0	4.0	5.0	3.0	9.0	8.0	25.0	152.0	567.0	946.0	1123.0	1157.0	1150.0	1176.0	1234.0	1368.0	1491.0	1692.0	1800.0	2263.0	2601.0	3235.0	4148.0	5451.0	7197.0	8513.0	6707.0	1620.0	11.0
	17.0	18.0	19.0	20.0	21.0	22.0	23.0	24.0	25.0	26.0	27.0	28.0	29.0	30.0	31.0	32.0	33.0	34.0	35.0	36.0	37.0
Villapol_290_B_1	33.0	213.0	452.0	525.0	620.0	656.0	779.0	804.0	861.0	951.0	966.0	1040.0	1179.0	1315.0	1566.0	1886.0	2397.0	3250.0	5169.0	10437.0	7807.0
	3.0	4.0	5.0	6.0	7.0	8.0	9.0	10.0	11.0	12.0	13.0	14.0	15.0	16.0	17.0	18.0	19.0	20.0	21.0	22.0	23.0	24.0	25.0	26.0	27.0	28.0	29.0	30.0	31.0	32.0	33.0	34.0	35.0	36.0	37.0
Villapol_290_B_2	2.0	2.0	6.0	1.0	1.0	0.0	0.0	0.0	3.0	1.0	6.0	9.0	12.0	101.0	329.0	539.0	741.0	803.0	827.0	872.0	942.0	990.0	1143.0	1245.0	1403.0	1602.0	1918.0	2434.0	3096.0	4085.0	5279.0	6804.0	5881.0	1814.0	15.0
	16.0	17.0	18.0	19.0	20.0	21.0	22.0	23.0	24.0	25.0	26.0	27.0	28.0	29.0	30.0	31.0	32.0	33.0	34.0	35.0	36.0	37.0
Villapol_291_B_1	3.0	38.0	212.0	420.0	558.0	623.0	736.0	865.0	958.0	1009.0	1125.0	1265.0	1283.0	1508.0	1638.0	1883.0	2250.0	2837.0	3781.0	6220.0	11774.0	8598.0
	3.0	4.0	5.0	6.0	7.0	8.0	9.0	10.0	11.0	12.0	13.0	14.0	15.0	16.0	17.0	18.0	19.0	20.0	21.0	22.0	23.0	24.0	25.0	26.0	27.0	28.0	29.0	30.0	31.0	32.0	33.0	34.0	35.0	36.0	37.0
Villapol_291_B_2	1.0	5.0	5.0	0.0	2.0	1.0	3.0	4.0	6.0	3.0	10.0	8.0	15.0	71.0	304.0	552.0	687.0	822.0	900.0	974.0	1053.0	1126.0	1280.0	1363.0	1689.0	1843.0	2275.0	2778.0	3742.0	4801.0	6379.0	8041.0	6925.0	1903.0	13.0
	17.0	18.0	19.0	20.0	21.0	22.0	23.0	24.0	25.0	26.0	27.0	28.0	29.0	30.0	31.0	32.0	33.0	34.0	35.0	36.0	37.0
Villapol_292_B_1	38.0	272.0	505.0	686.0	692.0	790.0	809.0	956.0	1004.0	1076.0	1168.0	1228.0	1365.0	1643.0	1949.0	2268.0	2883.0	4122.0	6577.0	12437.0	8920.0
	3.0	4.0	5.0	6.0	7.0	8.0	9.0	10.0	11.0	12.0	13.0	14.0	15.0	16.0	17.0	18.0	19.0	20.0	21.0	22.0	23.0	24.0	25.0	26.0	27.0	28.0	29.0	30.0	31.0	32.0	33.0	34.0	35.0	36.0	37.0
Villapol_292_B_2	3.0	3.0	4.0	3.0	0.0	2.0	1.0	1.0	4.0	4.0	4.0	6.0	22.0	100.0	371.0	684.0	874.0	941.0	937.0	1026.0	1153.0	1242.0	1247.0	1422.0	1683.0	1980.0	2368.0	2947.0	3820.0	4930.0	6671.0	8107.0	6919.0	1893.0	16.0
	16.0	17.0	18.0	19.0	20.0	21.0	22.0	23.0	24.0	25.0	26.0	27.0	28.0	29.0	30.0	31.0	32.0	33.0	34.0	35.0	36.0	37.0
Villapol_293_B_1	10.0	68.0	361.0	743.0	847.0	879.0	968.0	1172.0	1213.0	1300.0	1430.0	1475.0	1625.0	1780.0	1981.0	2341.0	2763.0	3514.0	4730.0	7273.0	13867.0	10519.0
	3.0	4.0	5.0	6.0	7.0	8.0	9.0	10.0	11.0	12.0	13.0	14.0	15.0	16.0	17.0	18.0	19.0	20.0	21.0	22.0	23.0	24.0	25.0	26.0	27.0	28.0	29.0	30.0	31.0	32.0	33.0	34.0	35.0	36.0	37.0
Villapol_293_B_2	2.0	8.0	7.0	1.0	1.0	3.0	5.0	3.0	2.0	7.0	11.0	8.0	23.0	139.0	490.0	883.0	1105.0	1161.0	1160.0	1273.0	1348.0	1463.0	1626.0	1813.0	2002.0	2353.0	2791.0	3485.0	4371.0	5796.0	7452.0	9421.0	8408.0	2226.0	12.0
	16.0	17.0	18.0	19.0	20.0	21.0	22.0	23.0	24.0	25.0	26.0	27.0	28.0	29.0	30.0	31.0	32.0	33.0	34.0	35.0	36.0	37.0
Villapol_35d_234_1	4.0	55.0	346.0	656.0	729.0	784.0	839.0	869.0	924.0	1021.0	1069.0	1154.0	1234.0	1432.0	1590.0	1824.0	2347.0	2914.0	4090.0	6300.0	12262.0	8476.0
	3.0	4.0	5.0	6.0	7.0	8.0	9.0	10.0	11.0	12.0	13.0	14.0	15.0	16.0	17.0	18.0	19.0	20.0	21.0	22.0	23.0	24.0	25.0	26.0	27.0	28.0	29.0	30.0	31.0	32.0	33.0	34.0	35.0	36.0	37.0
Villapol_35d_234_2	1.0	4.0	2.0	3.0	0.0	1.0	1.0	1.0	1.0	4.0	11.0	11.0	29.0	145.0	568.0	958.0	1069.0	1012.0	1038.0	1134.0	1207.0	1225.0	1361.0	1454.0	1695.0	2062.0	2575.0	3036.0	3864.0	5054.0	6575.0	7642.0	5873.0	1298.0	5.0
	16.0	17.0	18.0	19.0	20.0	21.0	22.0	23.0	24.0	25.0	26.0	27.0	28.0	29.0	30.0	31.0	32.0	33.0	34.0	35.0	36.0	37.0
Villapol_35d_236_1	3.0	27.0	205.0	387.0	450.0	524.0	519.0	536.0	641.0	633.0	686.0	729.0	802.0	851.0	1019.0	1089.0	1347.0	1761.0	2451.0	3833.0	7425.0	4929.0
	4.0	5.0	6.0	7.0	8.0	9.0	10.0	11.0	12.0	13.0	14.0	15.0	16.0	17.0	18.0	19.0	20.0	21.0	22.0	23.0	24.0	25.0	26.0	27.0	28.0	29.0	30.0	31.0	32.0	33.0	34.0	35.0	36.0	37.0
Villapol_35d_236_2	1.0	4.0	1.0	2.0	0.0	1.0	3.0	2.0	1.0	5.0	13.0	18.0	70.0	251.0	500.0	583.0	631.0	664.0	630.0	724.0	748.0	797.0	893.0	1031.0	1135.0	1468.0	1798.0	2415.0	3139.0	3978.0	4921.0	3666.0	749.0	5.0
	16.0	17.0	18.0	19.0	20.0	21.0	22.0	23.0	24.0	25.0	26.0	27.0	28.0	29.0	30.0	31.0	32.0	33.0	34.0	35.0	36.0	37.0
Villapol_35d_237_1	1.0	40.0	226.0	525.0	652.0	735.0	837.0	935.0	1051.0	1083.0	1216.0	1268.0	1342.0	1569.0	1658.0	1993.0	2405.0	3170.0	4276.0	6558.0	12455.0	8984.0
	3.0	4.0	5.0	6.0	7.0	8.0	9.0	10.0	11.0	12.0	13.0	14.0	15.0	16.0	17.0	18.0	19.0	20.0	21.0	22.0	23.0	24.0	25.0	26.0	27.0	28.0	29.0	30.0	31.0	32.0	33.0	34.0	35.0	36.0	37.0
Villapol_35d_237_2	2.0	2.0	9.0	0.0	2.0	1.0	2.0	5.0	5.0	6.0	6.0	15.0	12.0	108.0	366.0	676.0	905.0	970.0	1045.0	1159.0	1170.0	1265.0	1347.0	1532.0	1738.0	1995.0	2531.0	3022.0	3992.0	5111.0	6809.0	8718.0	6853.0	1594.0	6.0
	15.0	16.0	17.0	18.0	19.0	20.0	21.0	22.0	23.0	24.0	25.0	26.0	27.0	28.0	29.0	30.0	31.0	32.0	33.0	34.0	35.0	36.0	37.0
Villapol_35d_238_1	1.0	5.0	70.0	313.0	680.0	761.0	857.0	923.0	977.0	1122.0	1222.0	1284.0	1402.0	1404.0	1655.0	1854.0	2203.0	2656.0	3358.0	4535.0	7192.0	13637.0	9193.0
	3.0	4.0	5.0	6.0	7.0	8.0	9.0	10.0	11.0	12.0	13.0	14.0	15.0	16.0	17.0	18.0	19.0	20.0	21.0	22.0	23.0	24.0	25.0	26.0	27.0	28.0	29.0	30.0	31.0	32.0	33.0	34.0	35.0	36.0	37.0
Villapol_35d_238_2	1.0	5.0	4.0	3.0	2.0	4.0	2.0	4.0	5.0	5.0	15.0	16.0	15.0	126.0	395.0	837.0	1013.0	1006.0	1167.0	1161.0	1285.0	1363.0	1502.0	1643.0	1845.0	2177.0	2732.0	3280.0	4253.0	5664.0	7372.0	8980.0	7407.0	2005.0	10.0
	17.0	18.0	19.0	20.0	21.0	22.0	23.0	24.0	25.0	26.0	27.0	28.0	29.0	30.0	31.0	32.0	33.0	34.0	35.0	36.0	37.0
Villapol_35d_239_1	56.0	313.0	621.0	773.0	816.0	940.0	993.0	1072.0	1147.0	1167.0	1348.0	1350.0	1549.0	1791.0	2071.0	2506.0	3170.0	4348.0	6653.0	12521.0	9237.0
	3.0	4.0	5.0	6.0	7.0	8.0	9.0	10.0	11.0	12.0	13.0	14.0	15.0	16.0	17.0	18.0	19.0	20.0	21.0	22.0	23.0	24.0	25.0	26.0	27.0	28.0	29.0	30.0	31.0	32.0	33.0	34.0	35.0	36.0	37.0
Villapol_35d_239_2	2.0	0.0	3.0	3.0	5.0	3.0	0.0	1.0	6.0	4.0	16.0	8.0	19.0	86.0	400.0	769.0	874.0	977.0	1076.0	1132.0	1216.0	1228.0	1467.0	1494.0	1761.0	2109.0	2489.0	3137.0	3894.0	5178.0	6918.0	8757.0	7335.0	2064.0	11.0
	15.0	16.0	17.0	18.0	19.0	20.0	21.0	22.0	23.0	24.0	25.0	26.0	27.0	28.0	29.0	30.0	31.0	32.0	33.0	34.0	35.0	36.0	37.0
Villapol_35d_240_1	1.0	3.0	79.0	370.0	665.0	810.0	878.0	938.0	1056.0	1067.0	1163.0	1225.0	1247.0	1464.0	1565.0	1776.0	2075.0	2503.0	3101.0	4351.0	6796.0	12728.0	8478.0
	3.0	4.0	5.0	6.0	7.0	8.0	9.0	10.0	11.0	12.0	13.0	14.0	15.0	16.0	17.0	18.0	19.0	20.0	21.0	22.0	23.0	24.0	25.0	26.0	27.0	28.0	29.0	30.0	31.0	32.0	33.0	34.0	35.0	36.0	37.0
Villapol_35d_240_2	1.0	1.0	7.0	2.0	2.0	4.0	3.0	2.0	3.0	2.0	9.0	7.0	26.0	123.0	498.0	845.0	1044.0	1079.0	1085.0	1167.0	1199.0	1313.0	1408.0	1550.0	1849.0	2090.0	2489.0	3199.0	4008.0	5248.0	7018.0	8389.0	6986.0	1671.0	12.0
	16.0	17.0	18.0	19.0	20.0	21.0	22.0	23.0	24.0	25.0	26.0	27.0	28.0	29.0	30.0	31.0	32.0	33.0	34.0	35.0	36.0	37.0
Villapol_35d_241_1	4.0	84.0	317.0	686.0	801.0	856.0	1000.0	1053.0	1226.0	1264.0	1371.0	1507.0	1643.0	1862.0	2074.0	2338.0	2868.0	3662.0	4855.0	7710.0	14356.0	9960.0
	3.0	4.0	5.0	6.0	7.0	8.0	9.0	10.0	11.0	12.0	13.0	14.0	15.0	16.0	17.0	18.0	19.0	20.0	21.0	22.0	23.0	24.0	25.0	26.0	27.0	28.0	29.0	30.0	31.0	32.0	33.0	34.0	35.0	36.0	37.0
Villapol_35d_241_2	1.0	3.0	2.0	3.0	1.0	2.0	3.0	2.0	6.0	6.0	11.0	9.0	15.0	86.0	348.0	766.0	975.0	1064.0	1106.0	1200.0	1261.0	1380.0	1489.0	1732.0	1999.0	2345.0	2763.0	3455.0	4456.0	5854.0	7821.0	9820.0	8806.0	2689.0	18.0
	17.0	18.0	19.0	20.0	21.0	22.0	23.0	24.0	25.0	26.0	27.0	28.0	29.0	30.0	31.0	32.0	33.0	34.0	35.0	36.0	37.0
Villapol_35d_242_1	64.0	282.0	573.0	712.0	835.0	952.0	1080.0	1057.0	1203.0	1233.0	1356.0	1550.0	1679.0	1907.0	2161.0	2627.0	3354.0	4601.0	7385.0	13814.0	9571.0
	3.0	4.0	5.0	6.0	7.0	8.0	9.0	10.0	11.0	12.0	13.0	14.0	15.0	16.0	17.0	18.0	19.0	20.0	21.0	22.0	23.0	24.0	25.0	26.0	27.0	28.0	29.0	30.0	31.0	32.0	33.0	34.0	35.0	36.0	37.0
Villapol_35d_242_2	1.0	3.0	4.0	3.0	3.0	3.0	3.0	6.0	2.0	3.0	8.0	10.0	28.0	131.0	589.0	978.0	1151.0	1173.0	1197.0	1251.0	1401.0	1493.0	1591.0	1807.0	1950.0	2319.0	2863.0	3597.0	4566.0	5983.0	7655.0	8704.0	6347.0	1171.0	2.0
	16.0	17.0	18.0	19.0	20.0	21.0	22.0	23.0	24.0	25.0	26.0	27.0	28.0	29.0	30.0	31.0	32.0	33.0	34.0	35.0	36.0	37.0
Villapol_35d_243_1	4.0	44.0	266.0	524.0	749.0	812.0	888.0	1066.0	1138.0	1275.0	1328.0	1456.0	1665.0	1734.0	1968.0	2235.0	2792.0	3415.0	4782.0	7457.0	13782.0	8620.0
	3.0	4.0	5.0	6.0	7.0	8.0	9.0	10.0	11.0	12.0	13.0	14.0	15.0	16.0	17.0	18.0	19.0	20.0	21.0	22.0	23.0	24.0	25.0	26.0	27.0	28.0	29.0	30.0	31.0	32.0	33.0	34.0	35.0	36.0	37.0
Villapol_35d_243_2	1.0	5.0	2.0	4.0	3.0	2.0	3.0	2.0	4.0	4.0	11.0	12.0	27.0	103.0	443.0	847.0	1000.0	1130.0	1213.0	1351.0	1391.0	1475.0	1620.0	1758.0	1963.0	2307.0	2861.0	3499.0	4569.0	5881.0	7692.0	8957.0	6586.0	1269.0	5.0
	16.0	17.0	18.0	19.0	20.0	21.0	22.0	23.0	24.0	25.0	26.0	27.0	28.0	29.0	30.0	31.0	32.0	33.0	34.0	35.0	36.0	37.0
Villapol_35d_244_1	4.0	20.0	140.0	276.0	309.0	374.0	365.0	454.0	495.0	577.0	586.0	620.0	639.0	744.0	792.0	970.0	1114.0	1468.0	2105.0	3443.0	5860.0	2798.0
	3.0	4.0	5.0	6.0	7.0	8.0	9.0	10.0	11.0	12.0	13.0	14.0	15.0	16.0	17.0	18.0	19.0	20.0	21.0	22.0	23.0	24.0	25.0	26.0	27.0	28.0	29.0	30.0	31.0	32.0	33.0	34.0	35.0	36.0	37.0
Villapol_35d_244_2	1.0	2.0	0.0	1.0	0.0	0.0	0.0	2.0	2.0	1.0	1.0	2.0	9.0	44.0	199.0	386.0	473.0	470.0	517.0	546.0	536.0	602.0	621.0	696.0	822.0	973.0	1199.0	1532.0	1884.0	2497.0	3192.0	3680.0	2682.0	579.0	2.0
	16.0	17.0	18.0	19.0	20.0	21.0	22.0	23.0	24.0	25.0	26.0	27.0	28.0	29.0	30.0	31.0	32.0	33.0	34.0	35.0	36.0	37.0
Villapol_35d_245_1	4.0	39.0	251.0	529.0	625.0	734.0	805.0	873.0	974.0	1047.0	1146.0	1135.0	1333.0	1552.0	1652.0	1939.0	2322.0	3025.0	4111.0	6453.0	12304.0	8776.0
	3.0	4.0	5.0	6.0	7.0	8.0	9.0	10.0	11.0	12.0	13.0	14.0	15.0	16.0	17.0	18.0	19.0	20.0	21.0	22.0	23.0	24.0	25.0	26.0	27.0	28.0	29.0	30.0	31.0	32.0	33.0	34.0	35.0	36.0	37.0
Villapol_35d_245_2	1.0	5.0	2.0	0.0	2.0	2.0	3.0	3.0	3.0	6.0	10.0	15.0	32.0	101.0	412.0	776.0	877.0	973.0	979.0	1045.0	1193.0	1290.0	1327.0	1418.0	1724.0	2020.0	2435.0	3049.0	3947.0	5070.0	6706.0	8022.0	6537.0	1634.0	10.0
	14.0	15.0	16.0	17.0	18.0	19.0	20.0	21.0	22.0	23.0	24.0	25.0	26.0	27.0	28.0	29.0	30.0	31.0	32.0	33.0	34.0	35.0	36.0	37.0
Villapol_35d_246_1	1.0	0.0	1.0	39.0	188.0	447.0	549.0	622.0	756.0	821.0	817.0	962.0	1041.0	1109.0	1250.0	1391.0	1605.0	1848.0	2225.0	2786.0	3913.0	6013.0	11953.0	9227.0
	4.0	5.0	6.0	7.0	8.0	9.0	10.0	11.0	12.0	13.0	14.0	15.0	16.0	17.0	18.0	19.0	20.0	21.0	22.0	23.0	24.0	25.0	26.0	27.0	28.0	29.0	30.0	31.0	32.0	33.0	34.0	35.0	36.0	37.0
Villapol_35d_246_2	6.0	7.0	3.0	2.0	4.0	1.0	1.0	3.0	6.0	6.0	17.0	17.0	81.0	329.0	593.0	757.0	838.0	912.0	981.0	1052.0	1093.0	1238.0	1383.0	1589.0	1873.0	2197.0	2785.0	3581.0	4705.0	6116.0	7929.0	7175.0	2269.0	15.0
	15.0	16.0	17.0	18.0	19.0	20.0	21.0	22.0	23.0	24.0	25.0	26.0	27.0	28.0	29.0	30.0	31.0	32.0	33.0	34.0	35.0	36.0	37.0
Villapol_35d_247_1	2.0	2.0	40.0	243.0	500.0	686.0	793.0	867.0	950.0	1024.0	1120.0	1201.0	1294.0	1403.0	1598.0	1858.0	2148.0	2556.0	3150.0	4438.0	7270.0	14005.0	9918.0
	3.0	4.0	5.0	6.0	7.0	8.0	9.0	10.0	11.0	12.0	13.0	14.0	15.0	16.0	17.0	18.0	19.0	20.0	21.0	22.0	23.0	24.0	25.0	26.0	27.0	28.0	29.0	30.0	31.0	32.0	33.0	34.0	35.0	36.0	37.0
Villapol_35d_247_2	1.0	1.0	2.0	5.0	4.0	1.0	3.0	3.0	5.0	6.0	13.0	9.0	20.0	89.0	383.0	751.0	920.0	1051.0	1067.0	1158.0	1251.0	1340.0	1489.0	1664.0	1850.0	2109.0	2590.0	3314.0	4123.0	5514.0	7350.0	8899.0	7747.0	2317.0	17.0
	16.0	17.0	18.0	19.0	20.0	21.0	22.0	23.0	24.0	25.0	26.0	27.0	28.0	29.0	30.0	31.0	32.0	33.0	34.0	35.0	36.0	37.0
Villapol_35d_248_1	2.0	42.0	275.0	631.0	735.0	846.0	978.0	1086.0	1133.0	1236.0	1326.0	1343.0	1481.0	1701.0	1835.0	2199.0	2663.0	3325.0	4572.0	7216.0	13847.0	9212.0
	3.0	4.0	5.0	6.0	7.0	8.0	9.0	10.0	11.0	12.0	13.0	14.0	15.0	16.0	17.0	18.0	19.0	20.0	21.0	22.0	23.0	24.0	25.0	26.0	27.0	28.0	29.0	30.0	31.0	32.0	33.0	34.0	35.0	36.0	37.0
Villapol_35d_248_2	3.0	4.0	2.0	2.0	2.0	2.0	3.0	0.0	2.0	3.0	8.0	6.0	29.0	151.0	576.0	1015.0	1156.0	1178.0	1259.0	1297.0	1359.0	1545.0	1581.0	1824.0	2013.0	2343.0	2806.0	3664.0	4425.0	5805.0	7723.0	8692.0	6004.0	1198.0	4.0
	16.0	17.0	18.0	19.0	20.0	21.0	22.0	23.0	24.0	25.0	26.0	27.0	28.0	29.0	30.0	31.0	32.0	33.0	34.0	35.0	36.0	37.0
Villapol_35d_249_1	4.0	63.0	380.0	667.0	808.0	900.0	880.0	1056.0	1123.0	1217.0	1305.0	1401.0	1526.0	1631.0	1894.0	2158.0	2508.0	3331.0	4449.0	7355.0	13911.0	9595.0
	4.0	5.0	6.0	7.0	8.0	9.0	10.0	11.0	12.0	13.0	14.0	15.0	16.0	17.0	18.0	19.0	20.0	21.0	22.0	23.0	24.0	25.0	26.0	27.0	28.0	29.0	30.0	31.0	32.0	33.0	34.0	35.0	36.0	37.0
Villapol_35d_249_2	2.0	4.0	1.0	0.0	1.0	4.0	2.0	5.0	13.0	11.0	11.0	32.0	154.0	519.0	903.0	1091.0	1118.0	1155.0	1252.0	1319.0	1349.0	1533.0	1663.0	1964.0	2306.0	2665.0	3313.0	4314.0	5641.0	7363.0	9057.0	7511.0	1880.0	6.0
	15.0	16.0	17.0	18.0	19.0	20.0	21.0	22.0	23.0	24.0	25.0	26.0	27.0	28.0	29.0	30.0	31.0	32.0	33.0	34.0	35.0	36.0	37.0
Villapol_35d_250_1	1.0	1.0	55.0	261.0	543.0	722.0	766.0	852.0	1007.0	1022.0	1068.0	1248.0	1333.0	1393.0	1540.0	1741.0	2014.0	2467.0	3129.0	4280.0	6705.0	12781.0	8349.0
	3.0	4.0	5.0	6.0	7.0	8.0	9.0	10.0	11.0	12.0	13.0	14.0	15.0	16.0	17.0	18.0	19.0	20.0	21.0	22.0	23.0	24.0	25.0	26.0	27.0	28.0	29.0	30.0	31.0	32.0	33.0	34.0	35.0	36.0	37.0
Villapol_35d_250_2	1.0	1.0	1.0	3.0	2.0	4.0	1.0	1.0	4.0	8.0	9.0	15.0	21.0	92.0	384.0	706.0	913.0	1050.0	1109.0	1186.0	1243.0	1355.0	1462.0	1611.0	1803.0	2032.0	2566.0	3132.0	4126.0	5181.0	6881.0	8192.0	6654.0	1525.0	4.0
	16.0	17.0	18.0	19.0	20.0	21.0	22.0	23.0	24.0	25.0	26.0	27.0	28.0	29.0	30.0	31.0	32.0	33.0	34.0	35.0	36.0	37.0
Villapol_35d_251_1	3.0	70.0	306.0	602.0	751.0	842.0	940.0	1009.0	1171.0	1244.0	1282.0	1412.0	1579.0	1615.0	1821.0	2205.0	2805.0	3456.0	4644.0	7667.0	14681.0	10447.0
	3.0	4.0	5.0	6.0	7.0	8.0	9.0	10.0	11.0	12.0	13.0	14.0	15.0	16.0	17.0	18.0	19.0	20.0	21.0	22.0	23.0	24.0	25.0	26.0	27.0	28.0	29.0	30.0	31.0	32.0	33.0	34.0	35.0	36.0	37.0
Villapol_35d_251_2	3.0	3.0	6.0	4.0	0.0	2.0	2.0	2.0	7.0	5.0	12.0	16.0	20.0	113.0	494.0	942.0	1082.0	1188.0	1221.0	1264.0	1308.0	1492.0	1536.0	1733.0	2006.0	2304.0	2915.0	3484.0	4484.0	5840.0	7643.0	9475.0	7953.0	1987.0	6.0
	16.0	17.0	18.0	19.0	20.0	21.0	22.0	23.0	24.0	25.0	26.0	27.0	28.0	29.0	30.0	31.0	32.0	33.0	34.0	35.0	36.0	37.0
Villapol_35d_252_1	2.0	54.0	301.0	525.0	702.0	829.0	954.0	934.0	1098.0	1110.0	1189.0	1415.0	1527.0	1594.0	1820.0	2161.0	2536.0	3344.0	4579.0	7165.0	13755.0	9464.0
	3.0	4.0	5.0	6.0	7.0	8.0	9.0	10.0	11.0	12.0	13.0	14.0	15.0	16.0	17.0	18.0	19.0	20.0	21.0	22.0	23.0	24.0	25.0	26.0	27.0	28.0	29.0	30.0	31.0	32.0	33.0	34.0	35.0	36.0	37.0
Villapol_35d_252_2	3.0	6.0	5.0	2.0	0.0	1.0	1.0	3.0	4.0	7.0	7.0	13.0	19.0	97.0	376.0	742.0	910.0	1067.0	1125.0	1186.0	1249.0	1319.0	1495.0	1618.0	1873.0	2129.0	2730.0	3268.0	4145.0	5560.0	7393.0	9179.0	7620.0	1896.0	10.0
	16.0	17.0	18.0	19.0	20.0	21.0	22.0	23.0	24.0	25.0	26.0	27.0	28.0	29.0	30.0	31.0	32.0	33.0	34.0	35.0	36.0	37.0
Villapol_35d_253_1	7.0	64.0	366.0	719.0	827.0	871.0	964.0	1084.0	1184.0	1224.0	1390.0	1380.0	1558.0	1665.0	1957.0	2239.0	2586.0	3433.0	4780.0	7470.0	14247.0	9855.0
	3.0	4.0	5.0	6.0	7.0	8.0	9.0	10.0	11.0	12.0	13.0	14.0	15.0	16.0	17.0	18.0	19.0	20.0	21.0	22.0	23.0	24.0	25.0	26.0	27.0	28.0	29.0	30.0	31.0	32.0	33.0	34.0	35.0	36.0	37.0
Villapol_35d_253_2	2.0	7.0	7.0	3.0	4.0	3.0	3.0	7.0	6.0	6.0	15.0	17.0	27.0	142.0	463.0	877.0	1074.0	1136.0	1214.0	1271.0	1337.0	1479.0	1585.0	1823.0	2034.0	2287.0	2927.0	3513.0	4592.0	5886.0	7663.0	9331.0	7322.0	1794.0	13.0
	16.0	17.0	18.0	19.0	20.0	21.0	22.0	23.0	24.0	25.0	26.0	27.0	28.0	29.0	30.0	31.0	32.0	33.0	34.0	35.0	36.0	37.0
Villapol_35d_254_1	2.0	67.0	294.0	588.0	707.0	723.0	818.0	880.0	1013.0	1076.0	1113.0	1221.0	1378.0	1464.0	1715.0	1887.0	2316.0	2965.0	4095.0	6298.0	11550.0	7790.0
	3.0	4.0	5.0	6.0	7.0	8.0	9.0	10.0	11.0	12.0	13.0	14.0	15.0	16.0	17.0	18.0	19.0	20.0	21.0	22.0	23.0	24.0	25.0	26.0	27.0	28.0	29.0	30.0	31.0	32.0	33.0	34.0	35.0	36.0	37.0
Villapol_35d_254_2	1.0	1.0	3.0	2.0	2.0	3.0	5.0	5.0	3.0	6.0	14.0	14.0	24.0	133.0	483.0	821.0	1022.0	1089.0	1099.0	1190.0	1187.0	1266.0	1394.0	1553.0	1725.0	2048.0	2563.0	3162.0	4092.0	5091.0	6604.0	7302.0	5042.0	1010.0	1.0
	16.0	17.0	18.0	19.0	20.0	21.0	22.0	23.0	24.0	25.0	26.0	27.0	28.0	29.0	30.0	31.0	32.0	33.0	34.0	35.0	36.0	37.0
Villapol_35d_255_1	1.0	34.0	216.0	442.0	596.0	654.0	800.0	858.0	934.0	1069.0	1110.0	1189.0	1303.0	1435.0	1745.0	2013.0	2377.0	2971.0	4078.0	6357.0	12343.0	9612.0
	2.0	3.0	4.0	5.0	6.0	7.0	8.0	9.0	10.0	11.0	12.0	13.0	14.0	15.0	16.0	17.0	18.0	19.0	20.0	21.0	22.0	23.0	24.0	25.0	26.0	27.0	28.0	29.0	30.0	31.0	32.0	33.0	34.0	35.0	36.0	37.0
Villapol_35d_255_2	1.0	1.0	5.0	0.0	1.0	3.0	1.0	1.0	1.0	2.0	3.0	8.0	8.0	15.0	80.0	346.0	631.0	883.0	866.0	997.0	1039.0	1156.0	1257.0	1313.0	1511.0	1702.0	1983.0	2398.0	3028.0	3755.0	5081.0	6702.0	8514.0	7115.0	1716.0	14.0
	16.0	17.0	18.0	19.0	20.0	21.0	22.0	23.0	24.0	25.0	26.0	27.0	28.0	29.0	30.0	31.0	32.0	33.0	34.0	35.0	36.0	37.0
Villapol_35d_256_1	6.0	89.0	484.0	921.0	1087.0	1223.0	1327.0	1466.0	1542.0	1637.0	1933.0	1961.0	2138.0	2459.0	2660.0	3174.0	3885.0	4795.0	6583.0	10175.0	18710.0	11519.0
	3.0	4.0	5.0	6.0	7.0	8.0	9.0	10.0	11.0	12.0	13.0	14.0	15.0	16.0	17.0	18.0	19.0	20.0	21.0	22.0	23.0	24.0	25.0	26.0	27.0	28.0	29.0	30.0	31.0	32.0	33.0	34.0	35.0	36.0	37.0
Villapol_35d_256_2	1.0	3.0	5.0	5.0	3.0	4.0	3.0	3.0	8.0	9.0	12.0	13.0	33.0	137.0	583.0	1155.0	1386.0	1470.0	1619.0	1792.0	1806.0	1976.0	2113.0	2354.0	2665.0	3102.0	3945.0	4813.0	6050.0	7939.0	10166.0	12487.0	9908.0	2197.0	9.0
	16.0	17.0	18.0	19.0	20.0	21.0	22.0	23.0	24.0	25.0	26.0	27.0	28.0	29.0	30.0	31.0	32.0	33.0	34.0	35.0	36.0	37.0
Villapol_35d_257_1	3.0	91.0	446.0	896.0	1022.0	1111.0	1194.0	1347.0	1442.0	1608.0	1693.0	1802.0	2021.0	2242.0	2564.0	2840.0	3559.0	4264.0	5583.0	8667.0	15682.0	10172.0
	3.0	4.0	5.0	6.0	7.0	8.0	9.0	10.0	11.0	12.0	13.0	14.0	15.0	16.0	17.0	18.0	19.0	20.0	21.0	22.0	23.0	24.0	25.0	26.0	27.0	28.0	29.0	30.0	31.0	32.0	33.0	34.0	35.0	36.0	37.0
Villapol_35d_257_2	1.0	0.0	5.0	2.0	2.0	2.0	4.0	5.0	4.0	13.0	9.0	20.0	23.0	123.0	556.0	1096.0	1347.0	1407.0	1429.0	1532.0	1625.0	1737.0	1897.0	2082.0	2437.0	2802.0	3470.0	4321.0	5526.0	7230.0	9041.0	10593.0	8191.0	1706.0	11.0
	16.0	17.0	18.0	19.0	20.0	21.0	22.0	23.0	24.0	25.0	26.0	27.0	28.0	29.0	30.0	31.0	32.0	33.0	34.0	35.0	36.0	37.0
Villapol_35d_258_1	2.0	46.0	298.0	512.0	588.0	684.0	712.0	752.0	806.0	925.0	959.0	1055.0	1123.0	1259.0	1468.0	1658.0	1888.0	2481.0	3411.0	5299.0	10226.0	7379.0
	3.0	4.0	5.0	6.0	7.0	8.0	9.0	10.0	11.0	12.0	13.0	14.0	15.0	16.0	17.0	18.0	19.0	20.0	21.0	22.0	23.0	24.0	25.0	26.0	27.0	28.0	29.0	30.0	31.0	32.0	33.0	34.0	35.0	36.0	37.0
Villapol_35d_258_2	1.0	2.0	6.0	2.0	3.0	2.0	3.0	2.0	0.0	5.0	10.0	15.0	20.0	103.0	349.0	637.0	769.0	797.0	881.0	876.0	960.0	1006.0	1158.0	1189.0	1482.0	1674.0	1990.0	2522.0	3293.0	4266.0	5479.0	6917.0	5637.0	1470.0	5.0
	16.0	17.0	18.0	19.0	20.0	21.0	22.0	23.0	24.0	25.0	26.0	27.0	28.0	29.0	30.0	31.0	32.0	33.0	34.0	35.0	36.0	37.0
Villapol_35d_259_1	3.0	34.0	245.0	521.0	668.0	726.0	754.0	840.0	922.0	1010.0	1084.0	1169.0	1281.0	1421.0	1657.0	1755.0	2300.0	2916.0	4083.0	6396.0	12106.0	8595.0
	3.0	4.0	5.0	6.0	7.0	8.0	9.0	10.0	11.0	12.0	13.0	14.0	15.0	16.0	17.0	18.0	19.0	20.0	21.0	22.0	23.0	24.0	25.0	26.0	27.0	28.0	29.0	30.0	31.0	32.0	33.0	34.0	35.0	36.0	37.0
Villapol_35d_259_2	5.0	3.0	2.0	0.0	1.0	1.0	3.0	2.0	4.0	6.0	7.0	6.0	22.0	110.0	420.0	746.0	834.0	957.0	1013.0	1050.0	1140.0	1249.0	1363.0	1489.0	1685.0	1984.0	2441.0	2967.0	3816.0	4883.0	6410.0	7881.0	6401.0	1577.0	8.0
	16.0	17.0	18.0	19.0	20.0	21.0	22.0	23.0	24.0	25.0	26.0	27.0	28.0	29.0	30.0	31.0	32.0	33.0	34.0	35.0	36.0	37.0
Villapol_35d_261_1	5.0	59.0	360.0	707.0	827.0	806.0	854.0	940.0	978.0	1082.0	1119.0	1186.0	1344.0	1441.0	1607.0	1887.0	2388.0	2952.0	3968.0	6201.0	11691.0	7983.0
	4.0	5.0	6.0	7.0	8.0	9.0	10.0	11.0	12.0	13.0	14.0	15.0	16.0	17.0	18.0	19.0	20.0	21.0	22.0	23.0	24.0	25.0	26.0	27.0	28.0	29.0	30.0	31.0	32.0	33.0	34.0	35.0	36.0	37.0
Villapol_35d_261_2	4.0	1.0	2.0	1.0	2.0	3.0	2.0	5.0	4.0	5.0	12.0	25.0	144.0	557.0	904.0	1018.0	1086.0	1086.0	1160.0	1240.0	1330.0	1409.0	1478.0	1751.0	2002.0	2464.0	3163.0	3820.0	4948.0	6479.0	7457.0	5715.0	1105.0	3.0
	17.0	18.0	19.0	20.0	21.0	22.0	23.0	24.0	25.0	26.0	27.0	28.0	29.0	30.0	31.0	32.0	33.0	34.0	35.0	36.0	37.0
Villapol_35d_262_1	45.0	293.0	530.0	714.0	657.0	751.0	827.0	895.0	983.0	1040.0	1033.0	1209.0	1313.0	1428.0	1746.0	2054.0	2693.0	3694.0	5787.0	11519.0	8424.0
	3.0	4.0	5.0	6.0	7.0	8.0	9.0	10.0	11.0	12.0	13.0	14.0	15.0	16.0	17.0	18.0	19.0	20.0	21.0	22.0	23.0	24.0	25.0	26.0	27.0	28.0	29.0	30.0	31.0	32.0	33.0	34.0	35.0	36.0	37.0
Villapol_35d_262_2	2.0	1.0	3.0	2.0	1.0	2.0	3.0	3.0	6.0	4.0	5.0	8.0	37.0	131.0	428.0	743.0	949.0	1022.0	1000.0	1041.0	1117.0	1135.0	1267.0	1383.0	1564.0	1856.0	2172.0	2703.0	3504.0	4624.0	6052.0	7346.0	6135.0	1378.0	8.0
	16.0	17.0	18.0	19.0	20.0	21.0	22.0	23.0	24.0	25.0	26.0	27.0	28.0	29.0	30.0	31.0	32.0	33.0	34.0	35.0	36.0	37.0
Villapol_35d_263_1	3.0	36.0	248.0	597.0	823.0	892.0	946.0	1112.0	1183.0	1264.0	1396.0	1491.0	1629.0	1840.0	2023.0	2378.0	2822.0	3685.0	5308.0	8018.0	15170.0	10987.0
	3.0	4.0	5.0	6.0	7.0	8.0	9.0	10.0	11.0	12.0	13.0	14.0	15.0	16.0	17.0	18.0	19.0	20.0	21.0	22.0	23.0	24.0	25.0	26.0	27.0	28.0	29.0	30.0	31.0	32.0	33.0	34.0	35.0	36.0	37.0
Villapol_35d_263_2	4.0	5.0	8.0	0.0	3.0	1.0	1.0	4.0	5.0	8.0	5.0	9.0	22.0	100.0	482.0	860.0	1058.0	1243.0	1240.0	1375.0	1437.0	1646.0	1767.0	1887.0	2142.0	2442.0	2992.0	3930.0	4836.0	6286.0	8339.0	10235.0	7804.0	1666.0	9.0
	16.0	17.0	18.0	19.0	20.0	21.0	22.0	23.0	24.0	25.0	26.0	27.0	28.0	29.0	30.0	31.0	32.0	33.0	34.0	35.0	36.0	37.0
Villapol_35d_264_1	3.0	67.0	427.0	930.0	1061.0	1103.0	1164.0	1351.0	1430.0	1507.0	1518.0	1634.0	1887.0	2087.0	2294.0	2685.0	3205.0	4140.0	5790.0	8838.0	16484.0	10344.0
	3.0	4.0	5.0	6.0	7.0	8.0	9.0	10.0	11.0	12.0	13.0	14.0	15.0	16.0	17.0	18.0	19.0	20.0	21.0	22.0	23.0	24.0	25.0	26.0	27.0	28.0	29.0	30.0	31.0	32.0	33.0	34.0	35.0	36.0	37.0
Villapol_35d_264_2	6.0	6.0	5.0	1.0	1.0	6.0	3.0	8.0	6.0	14.0	15.0	14.0	28.0	147.0	620.0	1108.0	1401.0	1438.0	1477.0	1562.0	1640.0	1762.0	1856.0	2136.0	2367.0	2703.0	3345.0	4131.0	5357.0	6955.0	9046.0	10677.0	8237.0	1860.0	11.0
	14.0	15.0	16.0	17.0	18.0	19.0	20.0	21.0	22.0	23.0	24.0	25.0	26.0	27.0	28.0	29.0	30.0	31.0	32.0	33.0	34.0	35.0	36.0	37.0
Villapol_35d_265_1	1.0	0.0	2.0	52.0	282.0	535.0	724.0	817.0	872.0	982.0	1071.0	1082.0	1154.0	1272.0	1425.0	1532.0	1723.0	2039.0	2421.0	3223.0	4405.0	6940.0	12880.0	8535.0
	3.0	4.0	5.0	6.0	7.0	8.0	9.0	10.0	11.0	12.0	13.0	14.0	15.0	16.0	17.0	18.0	19.0	20.0	21.0	22.0	23.0	24.0	25.0	26.0	27.0	28.0	29.0	30.0	31.0	32.0	33.0	34.0	35.0	36.0	37.0
Villapol_35d_265_2	1.0	4.0	5.0	0.0	1.0	4.0	3.0	6.0	3.0	5.0	8.0	13.0	22.0	135.0	427.0	863.0	1059.0	1097.0	1122.0	1265.0	1220.0	1372.0	1421.0	1640.0	1861.0	2194.0	2618.0	3296.0	4167.0	5474.0	7029.0	8097.0	6229.0	1302.0	6.0
	16.0	17.0	18.0	19.0	20.0	21.0	22.0	23.0	24.0	25.0	26.0	27.0	28.0	29.0	30.0	31.0	32.0	33.0	34.0	35.0	36.0	37.0
Villapol_35d_266_1	7.0	64.0	397.0	759.0	856.0	916.0	993.0	1041.0	1194.0	1218.0	1299.0	1340.0	1441.0	1743.0	1851.0	2224.0	2673.0	3565.0	4856.0	7612.0	14710.0	10497.0
	3.0	4.0	5.0	6.0	7.0	8.0	9.0	10.0	11.0	12.0	13.0	14.0	15.0	16.0	17.0	18.0	19.0	20.0	21.0	22.0	23.0	24.0	25.0	26.0	27.0	28.0	29.0	30.0	31.0	32.0	33.0	34.0	35.0	36.0	37.0
Villapol_35d_266_2	1.0	10.0	3.0	2.0	3.0	1.0	3.0	4.0	4.0	4.0	12.0	13.0	30.0	174.0	673.0	1046.0	1344.0	1288.0	1273.0	1357.0	1495.0	1562.0	1655.0	1818.0	2126.0	2544.0	2991.0	3697.0	4733.0	6315.0	7872.0	9156.0	6551.0	1489.0	7.0
	16.0	17.0	18.0	19.0	20.0	21.0	22.0	23.0	24.0	25.0	26.0	27.0	28.0	29.0	30.0	31.0	32.0	33.0	34.0	35.0	36.0	37.0
Villapol_35d_267_1	5.0	68.0	328.0	666.0	845.0	899.0	924.0	1153.0	1229.0	1259.0	1420.0	1491.0	1636.0	1888.0	2027.0	2385.0	2895.0	3610.0	4894.0	7769.0	15167.0	11394.0
	3.0	4.0	5.0	6.0	7.0	8.0	9.0	10.0	11.0	12.0	13.0	14.0	15.0	16.0	17.0	18.0	19.0	20.0	21.0	22.0	23.0	24.0	25.0	26.0	27.0	28.0	29.0	30.0	31.0	32.0	33.0	34.0	35.0	36.0	37.0
Villapol_35d_267_2	2.0	7.0	5.0	2.0	5.0	2.0	1.0	5.0	3.0	7.0	9.0	6.0	25.0	108.0	498.0	931.0	1108.0	1113.0	1146.0	1282.0	1342.0	1462.0	1608.0	1788.0	2119.0	2350.0	3011.0	3593.0	4820.0	6191.0	8132.0	9884.0	8698.0	2666.0	23.0
	16.0	17.0	18.0	19.0	20.0	21.0	22.0	23.0	24.0	25.0	26.0	27.0	28.0	29.0	30.0	31.0	32.0	33.0	34.0	35.0	36.0	37.0
Villapol_35d_268_1	1.0	30.0	181.0	331.0	400.0	419.0	422.0	462.0	507.0	554.0	574.0	608.0	689.0	767.0	815.0	970.0	1129.0	1511.0	2038.0	3109.0	5971.0	4017.0
	4.0	5.0	6.0	7.0	8.0	9.0	10.0	11.0	12.0	13.0	14.0	15.0	16.0	17.0	18.0	19.0	20.0	21.0	22.0	23.0	24.0	25.0	26.0	27.0	28.0	29.0	30.0	31.0	32.0	33.0	34.0	35.0	36.0	37.0
Villapol_35d_268_2	1.0	2.0	2.0	0.0	1.0	1.0	5.0	4.0	3.0	2.0	11.0	9.0	58.0	230.0	415.0	491.0	484.0	518.0	548.0	554.0	611.0	703.0	778.0	812.0	983.0	1245.0	1525.0	1867.0	2486.0	3212.0	3747.0	3240.0	949.0	8.0
	16.0	17.0	18.0	19.0	20.0	21.0	22.0	23.0	24.0	25.0	26.0	27.0	28.0	29.0	30.0	31.0	32.0	33.0	34.0	35.0	36.0	37.0
Villapol_35d_269_1	3.0	37.0	309.0	557.0	620.0	734.0	739.0	829.0	911.0	924.0	1026.0	1116.0	1232.0	1388.0	1448.0	1794.0	2146.0	2780.0	3689.0	6046.0	11525.0	8399.0
	4.0	5.0	6.0	7.0	8.0	9.0	10.0	11.0	12.0	13.0	14.0	15.0	16.0	17.0	18.0	19.0	20.0	21.0	22.0	23.0	24.0	25.0	26.0	27.0	28.0	29.0	30.0	31.0	32.0	33.0	34.0	35.0	36.0	37.0
Villapol_35d_269_2	1.0	4.0	4.0	1.0	0.0	1.0	3.0	4.0	4.0	15.0	16.0	19.0	122.0	392.0	684.0	886.0	871.0	955.0	1000.0	1090.0	1104.0	1255.0	1427.0	1564.0	1748.0	2150.0	2799.0	3508.0	4612.0	5993.0	7525.0	6620.0	1858.0	17.0
	16.0	17.0	18.0	19.0	20.0	21.0	22.0	23.0	24.0	25.0	26.0	27.0	28.0	29.0	30.0	31.0	32.0	33.0	34.0	35.0	36.0	37.0
Villapol_35d_270_1	1.0	63.0	397.0	714.0	792.0	868.0	1026.0	1015.0	1148.0	1172.0	1222.0	1352.0	1492.0	1741.0	1869.0	2121.0	2588.0	3345.0	4770.0	7504.0	13877.0	9865.0
	3.0	4.0	5.0	6.0	7.0	8.0	9.0	10.0	11.0	12.0	13.0	14.0	15.0	16.0	17.0	18.0	19.0	20.0	21.0	22.0	23.0	24.0	25.0	26.0	27.0	28.0	29.0	30.0	31.0	32.0	33.0	34.0	35.0	36.0	37.0
Villapol_35d_270_2	2.0	3.0	4.0	0.0	2.0	2.0	3.0	4.0	4.0	3.0	8.0	11.0	32.0	140.0	556.0	955.0	1089.0	1165.0	1207.0	1289.0	1372.0	1503.0	1560.0	1725.0	1992.0	2270.0	2726.0	3516.0	4555.0	5856.0	7644.0	9026.0	7076.0	1630.0	12.0
	16.0	17.0	18.0	19.0	20.0	21.0	22.0	23.0	24.0	25.0	26.0	27.0	28.0	29.0	30.0	31.0	32.0	33.0	34.0	35.0	36.0	37.0
Villapol_35d_271_1	5.0	79.0	380.0	726.0	804.0	845.0	878.0	1007.0	1036.0	1085.0	1171.0	1190.0	1377.0	1479.0	1679.0	2033.0	2445.0	3168.0	4317.0	6882.0	13316.0	9694.0
	3.0	4.0	5.0	6.0	7.0	8.0	9.0	10.0	11.0	12.0	13.0	14.0	15.0	16.0	17.0	18.0	19.0	20.0	21.0	22.0	23.0	24.0	25.0	26.0	27.0	28.0	29.0	30.0	31.0	32.0	33.0	34.0	35.0	36.0	37.0
Villapol_35d_271_2	6.0	2.0	8.0	0.0	3.0	0.0	3.0	5.0	2.0	4.0	6.0	12.0	24.0	140.0	532.0	821.0	961.0	1019.0	1052.0	1118.0	1219.0	1301.0	1381.0	1507.0	1722.0	2136.0	2609.0	3173.0	4002.0	5296.0	7005.0	8770.0	7661.0	2084.0	12.0
	16.0	17.0	18.0	19.0	20.0	21.0	22.0	23.0	24.0	25.0	26.0	27.0	28.0	29.0	30.0	31.0	32.0	33.0	34.0	35.0	36.0	37.0
Villapol_35d_272_1	3.0	35.0	272.0	576.0	700.0	727.0	776.0	848.0	894.0	944.0	1038.0	1099.0	1138.0	1284.0	1413.0	1656.0	2073.0	2670.0	3671.0	5653.0	10892.0	7544.0
	3.0	4.0	5.0	6.0	7.0	8.0	9.0	10.0	11.0	12.0	13.0	14.0	15.0	16.0	17.0	18.0	19.0	20.0	21.0	22.0	23.0	24.0	25.0	26.0	27.0	28.0	29.0	30.0	31.0	32.0	33.0	34.0	35.0	36.0	37.0
Villapol_35d_272_2	3.0	4.0	0.0	2.0	0.0	2.0	0.0	5.0	5.0	4.0	4.0	9.0	29.0	126.0	457.0	799.0	920.0	985.0	996.0	1006.0	1011.0	1110.0	1210.0	1371.0	1538.0	1880.0	2184.0	2663.0	3460.0	4442.0	5848.0	7071.0	5502.0	1255.0	5.0
	16.0	17.0	18.0	19.0	20.0	21.0	22.0	23.0	24.0	25.0	26.0	27.0	28.0	29.0	30.0	31.0	32.0	33.0	34.0	35.0	36.0	37.0
Villapol_35d_273_1	1.0	48.0	262.0	571.0	639.0	633.0	732.0	799.0	867.0	1010.0	959.0	1043.0	1153.0	1289.0	1456.0	1679.0	1935.0	2511.0	3612.0	5535.0	10508.0	7581.0
	4.0	5.0	6.0	7.0	8.0	9.0	10.0	11.0	12.0	13.0	14.0	15.0	16.0	17.0	18.0	19.0	20.0	21.0	22.0	23.0	24.0	25.0	26.0	27.0	28.0	29.0	30.0	31.0	32.0	33.0	34.0	35.0	36.0
Villapol_35d_273_2	4.0	1.0	1.0	1.0	4.0	2.0	1.0	5.0	4.0	7.0	10.0	23.0	135.0	456.0	776.0	978.0	980.0	973.0	1044.0	1094.0	1147.0	1228.0	1390.0	1510.0	1793.0	2125.0	2633.0	3447.0	4422.0	5737.0	6797.0	5117.0	978.0
	16.0	17.0	18.0	19.0	20.0	21.0	22.0	23.0	24.0	25.0	26.0	27.0	28.0	29.0	30.0	31.0	32.0	33.0	34.0	35.0	36.0	37.0
Villapol_35d_274_1	1.0	65.0	365.0	847.0	1062.0	1181.0	1261.0	1334.0	1473.0	1567.0	1593.0	1702.0	1896.0	2118.0	2326.0	2756.0	3319.0	4192.0	5780.0	9091.0	17010.0	11897.0
	3.0	4.0	5.0	6.0	7.0	8.0	9.0	10.0	11.0	12.0	13.0	14.0	15.0	16.0	17.0	18.0	19.0	20.0	21.0	22.0	23.0	24.0	25.0	26.0	27.0	28.0	29.0	30.0	31.0	32.0	33.0	34.0	35.0	36.0	37.0
Villapol_35d_274_2	2.0	2.0	6.0	1.0	2.0	3.0	5.0	2.0	8.0	3.0	8.0	13.0	30.0	100.0	514.0	1071.0	1348.0	1420.0	1425.0	1487.0	1580.0	1777.0	1922.0	2160.0	2266.0	2745.0	3238.0	4244.0	5348.0	6912.0	9148.0	11656.0	9879.0	2497.0	14.0
	16.0	17.0	18.0	19.0	20.0	21.0	22.0	23.0	24.0	25.0	26.0	27.0	28.0	29.0	30.0	31.0	32.0	33.0	34.0	35.0	36.0	37.0
Villapol_35d_275_1	3.0	42.0	376.0	741.0	904.0	1000.0	1070.0	1162.0	1289.0	1268.0	1408.0	1501.0	1733.0	1831.0	2018.0	2496.0	2812.0	3667.0	4981.0	7583.0	13591.0	8240.0
	3.0	4.0	5.0	6.0	7.0	8.0	9.0	10.0	11.0	12.0	13.0	14.0	15.0	16.0	17.0	18.0	19.0	20.0	21.0	22.0	23.0	24.0	25.0	26.0	27.0	28.0	29.0	30.0	31.0	32.0	33.0	34.0	35.0	36.0	37.0
Villapol_35d_275_2	1.0	0.0	5.0	3.0	3.0	4.0	3.0	2.0	5.0	4.0	6.0	13.0	23.0	116.0	467.0	887.0	1131.0	1235.0	1284.0	1263.0	1345.0	1447.0	1613.0	1753.0	1931.0	2392.0	2884.0	3525.0	4480.0	5815.0	7453.0	9173.0	7679.0	1769.0	2.0
	16.0	17.0	18.0	19.0	20.0	21.0	22.0	23.0	24.0	25.0	26.0	27.0	28.0	29.0	30.0	31.0	32.0	33.0	34.0	35.0	36.0	37.0
Villapol_35d_276_1	4.0	58.0	326.0	722.0	874.0	911.0	1087.0	1156.0	1239.0	1333.0	1483.0	1446.0	1658.0	1815.0	1965.0	2309.0	2766.0	3510.0	4775.0	7430.0	13791.0	8801.0
	3.0	4.0	5.0	6.0	7.0	8.0	9.0	10.0	11.0	12.0	13.0	14.0	15.0	16.0	17.0	18.0	19.0	20.0	21.0	22.0	23.0	24.0	25.0	26.0	27.0	28.0	29.0	30.0	31.0	32.0	33.0	34.0	35.0	36.0	37.0
Villapol_35d_276_2	2.0	5.0	6.0	4.0	3.0	2.0	1.0	2.0	5.0	9.0	10.0	8.0	21.0	131.0	480.0	926.0	1151.0	1123.0	1304.0	1377.0	1395.0	1482.0	1616.0	1828.0	1954.0	2359.0	2895.0	3567.0	4595.0	6084.0	7702.0	9114.0	6870.0	1422.0	6.0
	16.0	17.0	18.0	19.0	20.0	21.0	22.0	23.0	24.0	25.0	26.0	27.0	28.0	29.0	30.0	31.0	32.0	33.0	34.0	35.0	36.0	37.0
Villapol_35d_277_1	3.0	54.0	339.0	704.0	854.0	924.0	1109.0	1133.0	1231.0	1330.0	1459.0	1499.0	1624.0	1719.0	2121.0	2391.0	2790.0	3648.0	4914.0	7552.0	14248.0	9110.0
	3.0	4.0	5.0	6.0	7.0	8.0	9.0	10.0	11.0	12.0	13.0	14.0	15.0	16.0	17.0	18.0	19.0	20.0	21.0	22.0	23.0	24.0	25.0	26.0	27.0	28.0	29.0	30.0	31.0	32.0	33.0	34.0	35.0	36.0	37.0
Villapol_35d_277_2	3.0	8.0	4.0	4.0	0.0	5.0	2.0	2.0	3.0	7.0	5.0	11.0	19.0	102.0	446.0	835.0	1034.0	1115.0	1265.0	1265.0	1364.0	1469.0	1645.0	1792.0	2047.0	2327.0	2968.0	3555.0	4611.0	5908.0	7777.0	9589.0	7780.0	1785.0	4.0
	16.0	17.0	18.0	19.0	20.0	21.0	22.0	23.0	24.0	25.0	26.0	27.0	28.0	29.0	30.0	31.0	32.0	33.0	34.0	35.0	36.0	37.0
Villapol_35d_278_1	2.0	66.0	400.0	1039.0	1147.0	1316.0	1297.0	1364.0	1493.0	1752.0	1650.0	1631.0	1873.0	2081.0	2318.0	2721.0	3220.0	4091.0	5663.0	8700.0	15086.0	8590.0
	3.0	4.0	5.0	6.0	7.0	8.0	9.0	10.0	11.0	12.0	13.0	14.0	15.0	16.0	17.0	18.0	19.0	20.0	21.0	22.0	23.0	24.0	25.0	26.0	27.0	28.0	29.0	30.0	31.0	32.0	33.0	34.0	35.0	36.0	37.0
Villapol_35d_278_2	3.0	5.0	7.0	2.0	2.0	2.0	2.0	3.0	4.0	10.0	4.0	14.0	20.0	126.0	507.0	1266.0	1581.0	1452.0	1579.0	1610.0	1612.0	1979.0	1795.0	2076.0	2410.0	2600.0	3227.0	4019.0	5168.0	6586.0	8462.0	10201.0	7805.0	1358.0	3.0
	16.0	17.0	18.0	19.0	20.0	21.0	22.0	23.0	24.0	25.0	26.0	27.0	28.0	29.0	30.0	31.0	32.0	33.0	34.0	35.0	36.0	37.0
Villapol_35d_279_1	2.0	67.0	396.0	634.0	750.0	855.0	889.0	913.0	1026.0	1152.0	1206.0	1333.0	1409.0	1526.0	1769.0	2008.0	2436.0	3152.0	4316.0	6783.0	12914.0	9485.0
	3.0	4.0	5.0	6.0	7.0	8.0	9.0	10.0	11.0	12.0	13.0	14.0	15.0	16.0	17.0	18.0	19.0	20.0	21.0	22.0	23.0	24.0	25.0	26.0	27.0	28.0	29.0	30.0	31.0	32.0	33.0	34.0	35.0	36.0	37.0
Villapol_35d_279_2	8.0	4.0	5.0	3.0	1.0	3.0	2.0	6.0	1.0	4.0	18.0	8.0	23.0	111.0	430.0	808.0	932.0	992.0	1068.0	1132.0	1184.0	1235.0	1447.0	1591.0	1770.0	2035.0	2498.0	3159.0	4030.0	5453.0	6714.0	8612.0	7643.0	2084.0	7.0
	16.0	17.0	18.0	19.0	20.0	21.0	22.0	23.0	24.0	25.0	26.0	27.0	28.0	29.0	30.0	31.0	32.0	33.0	34.0	35.0	36.0	37.0
Villapol_35d_280_1	3.0	47.0	322.0	641.0	820.0	947.0	1045.0	1079.0	1293.0	1339.0	1428.0	1592.0	1716.0	1891.0	2215.0	2450.0	3054.0	3867.0	5302.0	8373.0	15675.0	9621.0
	4.0	5.0	6.0	7.0	8.0	9.0	10.0	11.0	12.0	13.0	14.0	15.0	16.0	17.0	18.0	19.0	20.0	21.0	22.0	23.0	24.0	25.0	26.0	27.0	28.0	29.0	30.0	31.0	32.0	33.0	34.0	35.0	36.0	37.0
Villapol_35d_280_2	5.0	2.0	3.0	1.0	1.0	8.0	3.0	4.0	9.0	11.0	11.0	24.0	139.0	462.0	907.0	1128.0	1236.0	1280.0	1395.0	1482.0	1641.0	1801.0	1971.0	2163.0	2534.0	3103.0	3905.0	4796.0	6286.0	8393.0	10050.0	8091.0	1864.0	11.0
	16.0	17.0	18.0	19.0	20.0	21.0	22.0	23.0	24.0	25.0	26.0	27.0	28.0	29.0	30.0	31.0	32.0	33.0	34.0	35.0	36.0	37.0
Villapol_35d_281_1	2.0	64.0	414.0	756.0	1009.0	1053.0	1189.0	1211.0	1409.0	1374.0	1576.0	1682.0	1849.0	2051.0	2255.0	2647.0	3251.0	4020.0	5549.0	8448.0	15913.0	11057.0
	4.0	5.0	6.0	7.0	8.0	9.0	10.0	11.0	12.0	13.0	14.0	15.0	16.0	17.0	18.0	19.0	20.0	21.0	22.0	23.0	24.0	25.0	26.0	27.0	28.0	29.0	30.0	31.0	32.0	33.0	34.0	35.0	36.0	37.0
Villapol_35d_281_2	5.0	5.0	2.0	1.0	5.0	4.0	4.0	3.0	4.0	7.0	11.0	21.0	124.0	479.0	943.0	1201.0	1349.0	1388.0	1436.0	1619.0	1742.0	1836.0	1994.0	2376.0	2665.0	3234.0	3963.0	5051.0	6683.0	8887.0	10664.0	8909.0	2153.0	11.0
	16.0	17.0	18.0	19.0	20.0	21.0	22.0	23.0	24.0	25.0	26.0	27.0	28.0	29.0	30.0	31.0	32.0	33.0	34.0	35.0	36.0	37.0
Villapol_35d_282_1	1.0	74.0	344.0	659.0	790.0	816.0	860.0	1009.0	1057.0	1141.0	1134.0	1249.0	1374.0	1540.0	1655.0	1991.0	2428.0	3051.0	4072.0	6279.0	12114.0	8259.0
	4.0	5.0	6.0	7.0	8.0	9.0	10.0	11.0	12.0	13.0	14.0	15.0	16.0	17.0	18.0	19.0	20.0	21.0	22.0	23.0	24.0	25.0	26.0	27.0	28.0	29.0	30.0	31.0	32.0	33.0	34.0	35.0	36.0	37.0
Villapol_35d_282_2	3.0	3.0	1.0	1.0	1.0	4.0	4.0	2.0	3.0	6.0	6.0	12.0	118.0	450.0	843.0	960.0	1015.0	1106.0	1106.0	1207.0	1286.0	1376.0	1483.0	1699.0	2053.0	2451.0	3050.0	3988.0	5099.0	6820.0	8056.0	6244.0	1434.0	7.0
	17.0	18.0	19.0	20.0	21.0	22.0	23.0	24.0	25.0	26.0	27.0	28.0	29.0	30.0	31.0	32.0	33.0	34.0	35.0	36.0	37.0
Villapol_35d_283_1	48.0	230.0	462.0	545.0	556.0	631.0	705.0	741.0	846.0	846.0	904.0	962.0	1117.0	1194.0	1344.0	1665.0	2161.0	2982.0	4767.0	8091.0	3497.0
	5.0	6.0	7.0	8.0	9.0	10.0	11.0	12.0	13.0	14.0	15.0	16.0	17.0	18.0	19.0	20.0	21.0	22.0	23.0	24.0	25.0	26.0	27.0	28.0	29.0	30.0	31.0	32.0	33.0	34.0	35.0	36.0
Villapol_35d_283_2	1.0	3.0	0.0	3.0	3.0	2.0	4.0	2.0	6.0	6.0	18.0	97.0	347.0	646.0	668.0	761.0	803.0	813.0	874.0	877.0	960.0	1089.0	1269.0	1522.0	1885.0	2131.0	2895.0	3698.0	4630.0	4935.0	2930.0	416.0
	14.0	15.0	16.0	17.0	18.0	19.0	20.0	21.0	22.0	23.0	24.0	25.0	26.0	27.0	28.0	29.0	30.0	31.0	32.0	33.0	34.0	35.0	36.0	37.0
Villapol_35d_284_1	1.0	0.0	0.0	39.0	243.0	488.0	623.0	747.0	787.0	893.0	1003.0	1038.0	1158.0	1303.0	1405.0	1510.0	1586.0	1933.0	2391.0	3015.0	4177.0	6640.0	12920.0	9190.0
	3.0	4.0	5.0	6.0	7.0	8.0	9.0	10.0	11.0	12.0	13.0	14.0	15.0	16.0	17.0	18.0	19.0	20.0	21.0	22.0	23.0	24.0	25.0	26.0	27.0	28.0	29.0	30.0	31.0	32.0	33.0	34.0	35.0	36.0	37.0
Villapol_35d_284_2	3.0	5.0	7.0	2.0	2.0	0.0	1.0	0.0	6.0	3.0	11.0	13.0	13.0	78.0	329.0	638.0	849.0	983.0	1042.0	1157.0	1221.0	1377.0	1440.0	1606.0	1726.0	2007.0	2323.0	2993.0	3715.0	5093.0	6775.0	8284.0	7637.0	1746.0	5.0
	16.0	17.0	18.0	19.0	20.0	21.0	22.0	23.0	24.0	25.0	26.0	27.0	28.0	29.0	30.0	31.0	32.0	33.0	34.0	35.0	36.0	37.0
Villapol_35d_285_1	1.0	24.0	168.0	357.0	494.0	620.0	689.0	777.0	855.0	877.0	934.0	1064.0	1207.0	1357.0	1491.0	1765.0	2169.0	2782.0	3885.0	6189.0	11312.0	5946.0
	3.0	4.0	5.0	6.0	7.0	8.0	9.0	10.0	11.0	12.0	13.0	14.0	15.0	16.0	17.0	18.0	19.0	20.0	21.0	22.0	23.0	24.0	25.0	26.0	27.0	28.0	29.0	30.0	31.0	32.0	33.0	34.0	35.0	36.0	37.0
Villapol_35d_285_2	3.0	1.0	2.0	1.0	0.0	2.0	3.0	5.0	1.0	4.0	5.0	13.0	11.0	96.0	347.0	663.0	904.0	926.0	983.0	1006.0	1121.0	1185.0	1330.0	1367.0	1613.0	1898.0	2324.0	2982.0	3710.0	4767.0	6112.0	6758.0	4119.0	696.0	5.0
	16.0	17.0	18.0	19.0	20.0	21.0	22.0	23.0	24.0	25.0	26.0	27.0	28.0	29.0	30.0	31.0	32.0	33.0	34.0	35.0	36.0	37.0
Villapol_35d_286_1	7.0	68.0	452.0	861.0	975.0	1078.0	1161.0	1250.0	1378.0	1552.0	1659.0	1677.0	1895.0	2117.0	2293.0	2598.0	3169.0	4009.0	5403.0	8189.0	15651.0	11292.0
	3.0	4.0	5.0	6.0	7.0	8.0	9.0	10.0	11.0	12.0	13.0	14.0	15.0	16.0	17.0	18.0	19.0	20.0	21.0	22.0	23.0	24.0	25.0	26.0	27.0	28.0	29.0	30.0	31.0	32.0	33.0	34.0	35.0	36.0	37.0
Villapol_35d_286_2	1.0	6.0	7.0	3.0	0.0	2.0	4.0	7.0	4.0	5.0	7.0	7.0	23.0	163.0	547.0	1001.0	1245.0	1332.0	1346.0	1389.0	1553.0	1619.0	1783.0	2031.0	2248.0	2652.0	3124.0	3931.0	5166.0	6496.0	8571.0	10706.0	9478.0	2265.0	12.0
	16.0	17.0	18.0	19.0	20.0	21.0	22.0	23.0	24.0	25.0	26.0	27.0	28.0	29.0	30.0	31.0	32.0	33.0	34.0	35.0	36.0	37.0
Villapol_35d_287_1	6.0	47.0	286.0	585.0	777.0	924.0	953.0	1030.0	1206.0	1330.0	1415.0	1562.0	1727.0	1854.0	2165.0	2531.0	2981.0	3878.0	5272.0	8337.0	16124.0	11825.0
	3.0	4.0	5.0	6.0	7.0	8.0	9.0	10.0	11.0	12.0	13.0	14.0	15.0	16.0	17.0	18.0	19.0	20.0	21.0	22.0	23.0	24.0	25.0	26.0	27.0	28.0	29.0	30.0	31.0	32.0	33.0	34.0	35.0	36.0	37.0
Villapol_35d_287_2	3.0	2.0	5.0	4.0	2.0	3.0	5.0	2.0	7.0	6.0	10.0	12.0	20.0	110.0	419.0	764.0	1009.0	1152.0	1291.0	1359.0	1476.0	1537.0	1759.0	1991.0	2165.0	2411.0	3139.0	3800.0	4815.0	6545.0	8535.0	10683.0	9352.0	2411.0	11.0
	16.0	17.0	18.0	19.0	20.0	21.0	22.0	23.0	24.0	25.0	26.0	27.0	28.0	29.0	30.0	31.0	32.0	33.0	34.0	35.0	36.0	37.0
Villapol_35d_288_1	1.0	81.0	421.0	819.0	960.0	1020.0	1212.0	1180.0	1335.0	1401.0	1551.0	1614.0	1731.0	1858.0	2169.0	2477.0	3073.0	3837.0	5141.0	7893.0	14894.0	9792.0
	4.0	5.0	6.0	7.0	8.0	9.0	10.0	11.0	12.0	13.0	14.0	15.0	16.0	17.0	18.0	19.0	20.0	21.0	22.0	23.0	24.0	25.0	26.0	27.0	28.0	29.0	30.0	31.0	32.0	33.0	34.0	35.0	36.0	37.0
Villapol_35d_288_2	4.0	3.0	6.0	2.0	3.0	5.0	2.0	5.0	3.0	10.0	15.0	31.0	163.0	544.0	1056.0	1325.0	1342.0	1367.0	1471.0	1520.0	1629.0	1731.0	1951.0	2179.0	2494.0	2978.0	3786.0	4839.0	6291.0	8223.0	9958.0	7889.0	1629.0	6.0
	16.0	17.0	18.0	19.0	20.0	21.0	22.0	23.0	24.0	25.0	26.0	27.0	28.0	29.0	30.0	31.0	32.0	33.0	34.0	35.0	36.0	37.0
Villapol_35d_289_1	3.0	71.0	329.0	651.0	891.0	927.0	1025.0	1138.0	1252.0	1338.0	1496.0	1581.0	1665.0	1835.0	2086.0	2431.0	2937.0	3873.0	5432.0	8144.0	15831.0	11606.0
	3.0	4.0	5.0	6.0	7.0	8.0	9.0	10.0	11.0	12.0	13.0	14.0	15.0	16.0	17.0	18.0	19.0	20.0	21.0	22.0	23.0	24.0	25.0	26.0	27.0	28.0	29.0	30.0	31.0	32.0	33.0	34.0	35.0	36.0	37.0
Villapol_35d_289_2	4.0	6.0	3.0	2.0	2.0	2.0	3.0	6.0	7.0	5.0	11.0	14.0	34.0	111.0	478.0	868.0	1115.0	1210.0	1236.0	1406.0	1400.0	1593.0	1752.0	1816.0	2146.0	2441.0	3015.0	3738.0	4795.0	6194.0	8261.0	10668.0	9460.0	2714.0	26.0
	16.0	17.0	18.0	19.0	20.0	21.0	22.0	23.0	24.0	25.0	26.0	27.0	28.0	29.0	30.0	31.0	32.0	33.0	34.0	35.0	36.0	37.0
Villapol_35d_290_1	2.0	27.0	143.0	333.0	408.0	462.0	521.0	546.0	633.0	648.0	737.0	781.0	862.0	987.0	1102.0	1186.0	1535.0	1836.0	2674.0	4136.0	7842.0	5564.0
	3.0	4.0	5.0	6.0	7.0	8.0	9.0	10.0	11.0	12.0	13.0	14.0	15.0	16.0	17.0	18.0	19.0	20.0	21.0	22.0	23.0	24.0	25.0	26.0	27.0	28.0	29.0	30.0	31.0	32.0	33.0	34.0	35.0	36.0	37.0
Villapol_35d_290_2	2.0	5.0	1.0	3.0	2.0	2.0	0.0	1.0	1.0	4.0	1.0	11.0	6.0	54.0	238.0	455.0	520.0	579.0	664.0	688.0	771.0	791.0	846.0	980.0	1064.0	1261.0	1615.0	1930.0	2374.0	3121.0	4113.0	5174.0	4493.0	1190.0	5.0
	16.0	17.0	18.0	19.0	20.0	21.0	22.0	23.0	24.0	25.0	26.0	27.0	28.0	29.0	30.0	31.0	32.0	33.0	34.0	35.0	36.0	37.0
Villapol_35d_291_1	3.0	48.0	275.0	543.0	703.0	842.0	993.0	1096.0	1106.0	1339.0	1441.0	1540.0	1687.0	1793.0	2039.0	2358.0	2831.0	3724.0	4936.0	7879.0	14607.0	10184.0
	3.0	4.0	5.0	6.0	7.0	8.0	9.0	10.0	11.0	12.0	13.0	14.0	15.0	16.0	17.0	18.0	19.0	20.0	21.0	22.0	23.0	24.0	25.0	26.0	27.0	28.0	29.0	30.0	31.0	32.0	33.0	34.0	35.0	36.0	37.0
Villapol_35d_291_2	3.0	4.0	5.0	1.0	7.0	4.0	3.0	4.0	6.0	7.0	8.0	10.0	25.0	139.0	548.0	978.0	1245.0	1339.0	1359.0	1420.0	1578.0	1589.0	1764.0	1975.0	2148.0	2531.0	3066.0	3797.0	4937.0	6483.0	7993.0	9313.0	6634.0	1043.0	1.0
	16.0	17.0	18.0	19.0	20.0	21.0	22.0	23.0	24.0	25.0	26.0	27.0	28.0	29.0	30.0	31.0	32.0	33.0	34.0	35.0	36.0	37.0
Villapol_35d_292_1	4.0	67.0	439.0	915.0	959.0	941.0	1074.0	1158.0	1269.0	1356.0	1416.0	1558.0	1621.0	1940.0	2136.0	2571.0	3160.0	4005.0	5538.0	8360.0	15419.0	9284.0
	3.0	4.0	5.0	6.0	7.0	8.0	9.0	10.0	11.0	12.0	13.0	14.0	15.0	16.0	17.0	18.0	19.0	20.0	21.0	22.0	23.0	24.0	25.0	26.0	27.0	28.0	29.0	30.0	31.0	32.0	33.0	34.0	35.0	36.0	37.0
Villapol_35d_292_2	2.0	4.0	5.0	5.0	1.0	2.0	3.0	2.0	5.0	10.0	17.0	10.0	28.0	126.0	652.0	1164.0	1322.0	1367.0	1379.0	1425.0	1508.0	1628.0	1726.0	2011.0	2270.0	2651.0	3315.0	3915.0	5131.0	6638.0	8442.0	9771.0	7149.0	1496.0	10.0
	16.0	17.0	18.0	19.0	20.0	21.0	22.0	23.0	24.0	25.0	26.0	27.0	28.0	29.0	30.0	31.0	32.0	33.0	34.0	35.0	36.0	37.0
Villapol_35d_293_1	3.0	35.0	240.0	598.0	756.0	866.0	988.0	1134.0	1213.0	1372.0	1412.0	1549.0	1633.0	1799.0	2030.0	2356.0	2852.0	3632.0	5141.0	7886.0	15150.0	11080.0
	3.0	4.0	5.0	6.0	7.0	8.0	9.0	10.0	11.0	12.0	13.0	14.0	15.0	16.0	17.0	18.0	19.0	20.0	21.0	22.0	23.0	24.0	25.0	26.0	27.0	28.0	29.0	30.0	31.0	32.0	33.0	34.0	35.0	36.0	37.0
Villapol_35d_293_2	5.0	6.0	6.0	6.0	2.0	5.0	4.0	6.0	3.0	7.0	7.0	11.0	18.0	141.0	416.0	836.0	1082.0	1191.0	1325.0	1371.0	1563.0	1595.0	1745.0	1905.0	2198.0	2442.0	2948.0	3721.0	4724.0	6011.0	8252.0	10273.0	8198.0	1698.0	4.0

