Sample	FastQC_mqc-generalstats-fastqc-percent_duplicates	FastQC_mqc-generalstats-fastqc-percent_gc	FastQC_mqc-generalstats-fastqc-avg_sequence_length	FastQC_mqc-generalstats-fastqc-median_sequence_length	FastQC_mqc-generalstats-fastqc-percent_fails	FastQC_mqc-generalstats-fastqc-total_sequences
Villapol_234_B_1	93.02285825925564	55.0	300.0	300	45.45454545454545	40948.0
Villapol_234_B_2	89.13744261013969	55.0	300.0	300	45.45454545454545	40948.0
Villapol_236_B_1	92.7246545016872	54.0	300.0	300	45.45454545454545	46527.0
Villapol_236_B_2	89.98001160616417	55.0	300.0	300	45.45454545454545	46527.0
Villapol_237_B_1	92.28252788104089	55.0	300.0	300	45.45454545454545	40350.0
Villapol_237_B_2	88.21065675340768	55.0	300.0	300	45.45454545454545	40350.0
Villapol_238_B_1	92.36519706617233	55.0	300.0	300	45.45454545454545	49628.0
Villapol_238_B_2	88.93366647860078	55.0	300.0	300	45.45454545454545	49628.0
Villapol_239_B_1	92.69506830284789	56.0	300.0	300	45.45454545454545	51828.0
Villapol_239_B_2	89.01173111059659	57.0	300.0	300	45.45454545454545	51828.0
Villapol_240_B_1	92.64164993117765	55.0	300.0	300	45.45454545454545	44317.0
Villapol_240_B_2	89.57059367736986	56.0	300.0	300	45.45454545454545	44317.0
Villapol_241_B_1	91.70683208334233	55.0	300.0	300	45.45454545454545	46267.0
Villapol_241_B_2	88.54475111850779	56.0	300.0	300	45.45454545454545	46267.0
Villapol_242_B_1	92.37498141448184	55.0	300.0	300	45.45454545454545	40354.0
Villapol_242_B_2	89.36164940278535	56.0	300.0	300	45.45454545454545	40354.0
Villapol_243_B_1	92.2255142639465	55.0	300.0	300	45.45454545454545	59065.0
Villapol_243_B_2	89.10014390925252	56.0	300.0	300	45.45454545454545	59065.0
Villapol_244_B_1	93.145837556903	56.0	300.0	300	45.45454545454545	54259.0
Villapol_244_B_2	89.49114432628689	56.0	300.0	300	45.45454545454545	54259.0
Villapol_245_B_1	93.14413205014276	55.0	300.0	300	45.45454545454545	52889.0
Villapol_245_B_2	89.56493788878595	55.0	300.0	300	45.45454545454545	52889.0
Villapol_246_B_1	91.71945443131884	55.0	300.0	300	45.45454545454545	52569.0
Villapol_246_B_2	88.54077498145296	55.0	300.0	300	36.36363636363637	52569.0
Villapol_247_B_1	92.55000901063255	56.0	300.0	300	45.45454545454545	55490.0
Villapol_247_B_2	89.48999819787349	56.0	300.0	300	45.45454545454545	55490.0
Villapol_248_B_1	91.94513351816722	56.0	300.0	300	45.45454545454545	54824.0
Villapol_248_B_2	88.01072522982635	56.0	300.0	300	45.45454545454545	54824.0
Villapol_249_B_1	93.05315979300612	54.0	300.0	300	45.45454545454545	51016.0
Villapol_249_B_2	89.7914379802415	54.0	300.0	300	45.45454545454545	51016.0
Villapol_250_B_1	92.7905495396375	55.0	300.0	300	45.45454545454545	51807.0
Villapol_250_B_2	90.04767695485165	55.0	300.0	300	45.45454545454545	51807.0
Villapol_251_B_1	93.3639855894588	53.0	300.0	300	45.45454545454545	50241.0
Villapol_251_B_2	90.27686550825024	53.0	300.0	300	45.45454545454545	50241.0
Villapol_252_B_1	92.16026139103062	55.0	300.0	300	45.45454545454545	50193.0
Villapol_252_B_2	88.29119598350367	55.0	300.0	300	45.45454545454545	50193.0
Villapol_253_B_1	92.8647612570139	54.0	300.0	300	45.45454545454545	64693.0
Villapol_253_B_2	89.96181967137093	54.0	300.0	300	45.45454545454545	64693.0
Villapol_254_B_1	93.00006311935871	55.0	300.0	300	45.45454545454545	47529.0
Villapol_254_B_2	88.4533653138084	56.0	300.0	300	45.45454545454545	47529.0
Villapol_255_B_1	92.62736677727894	55.0	300.0	300	45.45454545454545	51230.0
Villapol_255_B_2	89.45930119070857	56.0	300.0	300	45.45454545454545	51230.0
Villapol_256_B_1	92.20981682294413	55.0	300.0	300	45.45454545454545	43619.0
Villapol_256_B_2	88.78470391343222	56.0	300.0	300	45.45454545454545	43619.0
Villapol_257_B_1	92.32135807343072	55.0	300.0	300	45.45454545454545	50660.0
Villapol_257_B_2	88.82155546782471	56.0	300.0	300	36.36363636363637	50660.0
Villapol_258_B_1	91.51531637094074	55.0	300.0	300	45.45454545454545	47792.0
Villapol_258_B_2	88.41437897556077	56.0	300.0	300	45.45454545454545	47792.0
Villapol_259_B_1	93.1178527549381	55.0	300.0	300	45.45454545454545	52905.0
Villapol_259_B_2	89.7665627067385	56.0	300.0	300	45.45454545454545	52905.0
Villapol_260_B_1	92.22798912526854	56.0	300.0	300	45.45454545454545	52599.0
Villapol_260_B_2	88.3115648586475	56.0	300.0	300	45.45454545454545	52599.0
Villapol_261_B_1	93.30420073301381	55.0	300.0	300	45.45454545454545	63846.0
Villapol_261_B_2	89.80045735049964	56.0	300.0	300	45.45454545454545	63846.0
Villapol_262_B_1	92.09309528550253	56.0	300.0	300	45.45454545454545	45201.0
Villapol_262_B_2	86.9117939868587	56.0	300.0	300	45.45454545454545	45201.0
Villapol_263_B_1	93.89283613160157	55.0	300.0	300	45.45454545454545	44194.0
Villapol_263_B_2	90.35163144318233	56.0	300.0	300	45.45454545454545	44194.0
Villapol_264_B_1	93.17835580883597	56.0	300.0	300	45.45454545454545	53169.0
Villapol_264_B_2	88.81491094434728	56.0	300.0	300	45.45454545454545	53169.0
Villapol_265_B_1	93.62630231803598	55.0	300.0	300	45.45454545454545	55478.0
Villapol_265_B_2	90.5692346515736	57.0	300.0	300	45.45454545454545	55478.0
Villapol_266_B_1	93.30942568110046	56.0	300.0	300	45.45454545454545	37366.0
Villapol_266_B_2	88.62067119841568	57.0	300.0	300	45.45454545454545	37366.0
Villapol_267_B_1	94.79620560675588	56.0	300.0	300	45.45454545454545	51866.0
Villapol_267_B_2	91.2871630740755	57.0	300.0	300	45.45454545454545	51866.0
Villapol_268_B_1	93.14209887348598	56.0	300.0	300	45.45454545454545	35419.0
Villapol_268_B_2	89.07648437279425	57.0	300.0	300	45.45454545454545	35419.0
Villapol_269_B_1	93.44576973483896	56.0	300.0	300	45.45454545454545	75539.0
Villapol_269_B_2	89.75760865248415	56.0	300.0	300	45.45454545454545	75539.0
Villapol_270_B_1	93.11921426958682	56.0	300.0	300	45.45454545454545	53148.0
Villapol_270_B_2	89.01181606081131	56.0	300.0	300	45.45454545454545	53148.0
Villapol_271_B_1	91.95489482200648	56.0	300.0	300	45.45454545454545	39552.0
Villapol_271_B_2	88.37226941747574	57.0	300.0	300	45.45454545454545	39552.0
Villapol_272_B_1	92.66428494099816	55.0	300.0	300	45.45454545454545	46185.0
Villapol_272_B_2	89.10901807946303	56.0	300.0	300	45.45454545454545	46185.0
Villapol_273_B_1	92.14404995280621	56.0	300.0	300	45.45454545454545	55092.0
Villapol_273_B_2	89.18354752051114	57.0	300.0	300	45.45454545454545	55092.0
Villapol_274_B_1	91.39499480172286	54.0	300.0	300	45.45454545454545	53864.0
Villapol_274_B_2	88.71973860092083	55.0	300.0	300	36.36363636363637	53864.0
Villapol_275_B_1	92.62411559690665	55.0	300.0	300	45.45454545454545	66853.0
Villapol_275_B_2	89.52477824480577	55.0	300.0	300	45.45454545454545	66853.0
Villapol_276_B_1	91.81692705274287	55.0	300.0	300	45.45454545454545	68104.0
Villapol_276_B_2	89.05937977211323	55.0	300.0	300	36.36363636363637	68104.0
Villapol_277_B_1	92.71414249013097	54.0	300.0	300	45.45454545454545	63836.0
Villapol_277_B_2	89.51532050880381	54.0	300.0	300	36.36363636363637	63836.0
Villapol_278_B_1	92.2921838561649	54.0	300.0	300	45.45454545454545	66465.0
Villapol_278_B_2	89.44707740916272	54.0	300.0	300	45.45454545454545	66465.0
Villapol_279_B_1	90.84101040118871	56.0	300.0	300	45.45454545454545	33650.0
Villapol_279_B_2	87.7741456166419	56.0	300.0	300	45.45454545454545	33650.0
Villapol_280_B_1	92.91798865493702	56.0	300.0	300	45.45454545454545	52005.0
Villapol_280_B_2	91.1816171521969	56.0	300.0	300	45.45454545454545	52005.0
Villapol_281_B_1	92.39562928501469	56.0	300.0	300	45.45454545454545	65344.0
Villapol_281_B_2	88.84671890303623	57.0	300.0	300	45.45454545454545	65344.0
Villapol_282_B_1	93.52840801365102	56.0	300.0	300	45.45454545454545	47469.0
Villapol_282_B_2	90.14936063536203	57.0	300.0	300	45.45454545454545	47469.0
Villapol_283_B_1	92.57794753579782	56.0	300.0	300	45.45454545454545	59431.0
Villapol_283_B_2	88.955259039895	56.0	300.0	300	45.45454545454545	59431.0
Villapol_284_B_1	92.1757968629295	56.0	300.0	300	45.45454545454545	59546.0
Villapol_284_B_2	90.2764249487791	57.0	300.0	300	45.45454545454545	59546.0
Villapol_285_B_1	92.45163758545552	56.0	300.0	300	45.45454545454545	60119.0
Villapol_285_B_2	89.85512067732331	57.0	300.0	300	45.45454545454545	60119.0
Villapol_286_B_1	92.06340734415029	55.0	300.0	300	45.45454545454545	56208.0
Villapol_286_B_2	88.59415029888984	56.0	300.0	300	45.45454545454545	56208.0
Villapol_287_B_1	93.30721212682154	55.0	300.0	300	45.45454545454545	97239.0
Villapol_287_B_2	90.2395129526219	56.0	300.0	300	45.45454545454545	97239.0
Villapol_288_B_1	91.17283637163797	56.0	300.0	300	45.45454545454545	59079.0
Villapol_288_B_2	88.15145821696373	56.0	300.0	300	45.45454545454545	59079.0
Villapol_289_B_1	93.90423506591472	56.0	300.0	300	45.45454545454545	55678.0
Villapol_289_B_2	90.22234994073062	57.0	300.0	300	45.45454545454545	55678.0
Villapol_290_B_1	94.31548035239827	55.0	300.0	300	45.45454545454545	42906.0
Villapol_290_B_2	91.04321073975667	57.0	300.0	300	45.45454545454545	42906.0
Villapol_291_B_1	93.8972249112617	56.0	300.0	300	45.45454545454545	49584.0
Villapol_291_B_2	91.21289125524362	57.0	300.0	300	45.45454545454545	49584.0
Villapol_292_B_1	93.16766560286447	55.0	300.0	300	45.45454545454545	51388.0
Villapol_292_B_2	89.9548532731377	56.0	300.0	300	45.45454545454545	51388.0
Villapol_293_B_1	94.61049310701786	56.0	300.0	300	45.45454545454545	60859.0
Villapol_293_B_2	91.2321924448315	57.0	300.0	300	45.45454545454545	60859.0
Villapol_35d_234_1	92.85139142559751	56.0	300.0	300	45.45454545454545	50919.0
Villapol_35d_234_2	88.31084663877924	57.0	300.0	300	45.45454545454545	50919.0
Villapol_35d_236_1	90.55661814763187	55.0	300.0	300	45.45454545454545	30847.0
Villapol_35d_236_2	87.2759101371284	56.0	300.0	300	45.45454545454545	30847.0
Villapol_35d_237_1	93.27280620623266	56.0	300.0	300	45.45454545454545	52979.0
Villapol_35d_237_2	89.9375224145416	57.0	300.0	300	45.45454545454545	52979.0
Villapol_35d_238_1	92.05116571269022	55.0	300.0	300	45.45454545454545	57304.0
Villapol_35d_238_2	88.96237609939969	56.0	300.0	300	45.45454545454545	57304.0
Villapol_35d_239_1	92.66007861577458	56.0	300.0	300	45.45454545454545	54442.0
Villapol_35d_239_2	89.3299290988575	56.0	300.0	300	45.45454545454545	54442.0
Villapol_35d_240_1	92.23209849279523	56.0	300.0	300	45.45454545454545	54339.0
Villapol_35d_240_2	88.54045897053682	56.0	300.0	300	45.45454545454545	54339.0
Villapol_35d_241_1	92.70045693285851	56.0	300.0	300	45.45454545454545	61497.0
Villapol_35d_241_2	89.846659186627	56.0	300.0	300	45.45454545454545	61497.0
Villapol_35d_242_1	93.084005793503	56.0	300.0	300	45.45454545454545	57996.0
Villapol_35d_242_2	88.40092420166908	56.0	300.0	300	45.45454545454545	57996.0
Villapol_35d_243_1	92.56896551724138	56.0	300.0	300	45.45454545454545	58000.0
Villapol_35d_243_2	88.82931034482759	56.0	300.0	300	45.45454545454545	58000.0
Villapol_35d_244_1	90.93694365089223	55.0	300.0	300	45.45454545454545	24153.0
Villapol_35d_244_2	86.95814184573345	56.0	300.0	300	45.45454545454545	24153.0
Villapol_35d_245_1	93.0349222336284	55.0	300.0	300	45.45454545454545	51629.0
Villapol_35d_245_2	89.08171763931124	56.0	300.0	300	45.45454545454545	51629.0
Villapol_35d_246_1	93.5275603260431	55.0	300.0	300	45.45454545454545	49564.0
Villapol_35d_246_2	90.18642563150674	55.0	300.0	300	45.45454545454545	49564.0
Villapol_35d_247_1	93.6617250201521	55.0	300.0	300	45.45454545454545	57066.0
Villapol_35d_247_2	90.19556303227841	55.0	300.0	300	45.45454545454545	57066.0
Villapol_35d_248_1	92.81776575826919	56.0	300.0	300	45.45454545454545	57684.0
Villapol_35d_248_2	88.11802232854865	56.0	300.0	300	45.45454545454545	57684.0
Villapol_35d_249_1	92.83896702314226	55.0	300.0	300	45.45454545454545	58162.0
Villapol_35d_249_2	88.95498779271689	56.0	300.0	300	45.45454545454545	58162.0
Villapol_35d_250_1	92.79439918915875	56.0	300.0	300	45.45454545454545	53278.0
Villapol_35d_250_2	89.40650925335035	57.0	300.0	300	45.45454545454545	53278.0
Villapol_35d_251_1	93.09188796406394	55.0	300.0	300	45.45454545454545	60552.0
Villapol_35d_251_2	88.9830228563879	55.0	300.0	300	45.45454545454545	60552.0
Villapol_35d_252_1	92.90896982018297	56.0	300.0	300	45.45454545454545	57058.0
Villapol_35d_252_2	89.88222510427985	56.0	300.0	300	45.45454545454545	57058.0
Villapol_35d_253_1	92.61399699348588	56.0	300.0	300	45.45454545454545	59870.0
Villapol_35d_253_2	89.5089360280608	57.0	300.0	300	45.45454545454545	59870.0
Villapol_35d_254_1	91.6853482786229	56.0	300.0	300	45.45454545454545	49960.0
Villapol_35d_254_2	87.74819855884708	56.0	300.0	300	45.45454545454545	49960.0
Villapol_35d_255_1	93.04141013100102	55.0	300.0	300	45.45454545454545	52137.0
Villapol_35d_255_2	90.07614553963596	56.0	300.0	300	45.45454545454545	52137.0
Villapol_35d_256_1	92.63669867375336	56.0	300.0	300	45.45454545454545	79774.0
Villapol_35d_256_2	89.89896457492416	57.0	300.0	300	36.36363636363637	79774.0
Villapol_35d_257_1	92.07390852538826	55.0	300.0	300	45.45454545454545	70249.0
Villapol_35d_257_2	88.82831072328432	56.0	300.0	300	36.36363636363637	70249.0
Villapol_35d_258_1	92.95444625669063	56.0	300.0	300	45.45454545454545	43531.0
Villapol_35d_258_2	89.80496657554386	57.0	300.0	300	45.45454545454545	43531.0
Villapol_35d_259_1	93.51701461791387	56.0	300.0	300	45.45454545454545	50486.0
Villapol_35d_259_2	89.953650516975	57.0	300.0	300	45.45454545454545	50486.0
Villapol_35d_261_1	92.51364493400814	56.0	300.0	300	45.45454545454545	50385.0
Villapol_35d_261_2	88.18497568720849	57.0	300.0	300	45.45454545454545	50385.0
Villapol_35d_262_1	94.27101920856514	56.0	300.0	300	45.45454545454545	47635.0
Villapol_35d_262_2	90.59095203106959	58.0	300.0	300	45.45454545454545	47635.0
Villapol_35d_263_1	93.87950071259651	56.0	300.0	300	45.45454545454545	63851.0
Villapol_35d_263_2	90.4856619316847	57.0	300.0	300	45.45454545454545	63851.0
Villapol_35d_264_1	93.10783570887361	57.0	300.0	300	45.45454545454545	69949.0
Villapol_35d_264_2	90.00271626470715	57.0	300.0	300	45.45454545454545	69949.0
Villapol_35d_265_1	93.00894958216755	57.0	300.0	300	45.45454545454545	53969.0
Villapol_35d_265_2	89.41058755952491	57.0	300.0	300	45.45454545454545	53969.0
Villapol_35d_266_1	93.28392320752253	57.0	300.0	300	45.45454545454545	61256.0
Villapol_35d_266_2	89.57653127856864	57.0	300.0	300	45.45454545454545	61256.0
Villapol_35d_267_1	94.03771578684012	55.0	300.0	300	45.45454545454545	63952.0
Villapol_35d_267_2	90.15824368276208	55.0	300.0	300	45.45454545454545	63952.0
Villapol_35d_268_1	90.80964516761419	56.0	300.0	300	45.45454545454545	25505.0
Villapol_35d_268_2	87.75926288962948	57.0	300.0	300	45.45454545454545	25505.0
Villapol_35d_269_1	94.11630605985243	56.0	300.0	300	45.45454545454545	48252.0
Villapol_35d_269_2	90.78380170770123	57.0	300.0	300	45.45454545454545	48252.0
Villapol_35d_270_1	93.24759933493944	57.0	300.0	300	45.45454545454545	58942.0
Villapol_35d_270_2	89.50493705676767	57.0	300.0	300	45.45454545454545	58942.0
Villapol_35d_271_1	93.7405568745953	56.0	300.0	300	45.45454545454545	55596.0
Villapol_35d_271_2	90.24749982013094	57.0	300.0	300	45.45454545454545	55596.0
Villapol_35d_272_1	93.25360519322093	56.0	300.0	300	45.45454545454545	45906.0
Villapol_35d_272_2	89.31076547727966	57.0	300.0	300	45.45454545454545	45906.0
Villapol_35d_273_1	93.50556633871004	57.0	300.0	300	45.45454545454545	44823.0
Villapol_35d_273_2	88.7758516832876	57.0	300.0	300	45.45454545454545	44823.0
Villapol_35d_274_1	92.74946455049701	55.0	300.0	300	45.45454545454545	72836.0
Villapol_35d_274_2	89.36240320720523	56.0	300.0	300	45.45454545454545	72836.0
Villapol_35d_275_1	92.95331234510014	56.0	300.0	300	45.45454545454545	59716.0
Villapol_35d_275_2	89.13691472972067	57.0	300.0	300	45.45454545454545	59716.0
Villapol_35d_276_1	91.98775626902571	55.0	300.0	300	45.45454545454545	59459.0
Villapol_35d_276_2	88.09768075480584	56.0	300.0	300	36.36363636363637	59459.0
Villapol_35d_277_1	92.06498123642109	56.0	300.0	300	45.45454545454545	60756.0
Villapol_35d_277_2	89.08749753110804	57.0	300.0	300	36.36363636363637	60756.0
Villapol_35d_278_1	92.71851851851852	56.0	300.0	300	45.45454545454545	67500.0
Villapol_35d_278_2	89.48592592592593	57.0	300.0	300	45.45454545454545	67500.0
Villapol_35d_279_1	92.78275567510588	55.0	300.0	300	45.45454545454545	55021.0
Villapol_35d_279_2	89.54399229385143	56.0	300.0	300	45.45454545454545	55021.0
Villapol_35d_280_1	92.7070457354759	56.0	300.0	300	45.45454545454545	64720.0
Villapol_35d_280_2	89.77904820766378	57.0	300.0	300	45.45454545454545	64720.0
Villapol_35d_281_1	92.37412582328909	56.0	300.0	300	45.45454545454545	68779.0
Villapol_35d_281_2	89.71633783567658	56.0	300.0	300	36.36363636363637	68779.0
Villapol_35d_282_1	91.83767847852477	56.0	300.0	300	45.45454545454545	51897.0
Villapol_35d_282_2	88.50800624313544	57.0	300.0	300	45.45454545454545	51897.0
Villapol_35d_283_1	90.54936723625124	56.0	300.0	300	45.45454545454545	34294.0
Villapol_35d_283_2	86.35038199101884	57.0	300.0	300	45.45454545454545	34294.0
Villapol_35d_284_1	93.9649651535129	56.0	300.0	300	45.45454545454545	53090.0
Villapol_35d_284_2	91.00960632887549	57.0	300.0	300	45.45454545454545	53090.0
Villapol_35d_285_1	93.33229544291973	55.0	300.0	300	45.45454545454545	44963.0
Villapol_35d_285_2	89.08880635188933	56.0	300.0	300	45.45454545454545	44963.0
Villapol_35d_286_1	94.14409171589024	56.0	300.0	300	45.45454545454545	68734.0
Villapol_35d_286_2	90.79931329473041	57.0	300.0	300	45.45454545454545	68734.0
Villapol_35d_287_1	93.54037267080746	55.0	300.0	300	45.45454545454545	66815.0
Villapol_35d_287_2	90.91072363990122	56.0	300.0	300	45.45454545454545	66815.0
Villapol_35d_288_1	92.19515978901644	56.0	300.0	300	45.45454545454545	64460.0
Villapol_35d_288_2	88.72944461681664	57.0	300.0	300	36.36363636363637	64460.0
Villapol_35d_289_1	93.06753629286766	55.0	300.0	300	45.45454545454545	66542.0
Villapol_35d_289_2	90.09948603889273	56.0	300.0	300	45.45454545454545	66542.0
Villapol_35d_290_1	91.76095859244654	55.0	300.0	300	45.45454545454545	32965.0
Villapol_35d_290_2	88.78204155922948	56.0	300.0	300	45.45454545454545	32965.0
Villapol_35d_291_1	93.75958171284717	56.0	300.0	300	45.45454545454545	61967.0
Villapol_35d_291_2	89.45890554650056	57.0	300.0	300	45.45454545454545	61967.0
Villapol_35d_292_1	91.88525847522627	56.0	300.0	300	45.45454545454545	65190.0
Villapol_35d_292_2	87.84936339929438	56.0	300.0	300	45.45454545454545	65190.0
Villapol_35d_293_1	94.49038838760298	56.0	300.0	300	45.45454545454545	63725.0
Villapol_35d_293_2	91.50411926245586	58.0	300.0	300	45.45454545454545	63725.0
